MetNum_that_touches 	 number_of_touchPoints 	 total_touching_volume 	 total_touching_surface_area/2
7 	 56 	 101802.419 	 22476.4054
10 	 5 	 42327.5612 	 7467.2066
25 	 522 	 677240.979 	 163087.758
31 	 2 	 1853.7618 	 570.1128
38 	 13 	 20314.1398 	 4793.6473
46 	 13 	 8303.3081 	 2215.8668
50 	 4 	 1931.0019 	 549.0357
124 	 3 	 1622.0416 	 554.9042
139 	 13 	 22669.9621 	 5526.9348
140 	 30 	 30548.4497 	 7510.776
144 	 3 	 3977.8639 	 815.993
155 	 1 	 19618.9791 	 2937.4993
218 	 21 	 203218.638 	 28542.8861
364 	 9 	 44528.9033 	 8634.2048
392 	 3 	 270.3403 	 112.1374
406 	 5 	 2819.2627 	 875.3261
468 	 1 	 4981.9848 	 1050.9687
538 	 1 	 1313.0813 	 313.8829
10247 	 2 	 6797.1266 	 1313.7179
10260 	 183 	 191323.666 	 43424.1434
10276 	 4 	 68473.3266 	 10491.1306
10331 	 1 	 154.4802 	 62.1054
10404 	 8 	 15061.8147 	 3232.0179
10408 	 1 	 9114.3289 	 1553.6796
10410 	 3 	 1506.1815 	 563.9061
10577 	 6 	 13903.2135 	 3483.8513
10587 	 6 	 85775.1035 	 10440.8692
10608 	 16 	 6604.0264 	 1969.5774
10656 	 2 	 39044.858 	 7155.5506
10678 	 5 	 1158.6011 	 419.2107
10722 	 7 	 67198.8654 	 10534.6053
10724 	 60 	 51094.3097 	 12068.6229
10742 	 1 	 3398.5633 	 630.8195
10804 	 6 	 3784.7637 	 1179.8892
10822 	 20 	 51287.4099 	 11535.0881
10850 	 193 	 1353748.18 	 214878.137
10886 	 6 	 5754.3856 	 1116.001
10961 	 89 	 171434.347 	 32741.0933
10965 	 3 	 12319.792 	 2424.5414
10974 	 519 	 309153.401 	 82353.1963
10977 	 1 	 36882.1359 	 4464.0167
11126 	 8 	 52677.7313 	 9149.9354
11148 	 8 	 132582.589 	 17362.8858
11186 	 12 	 36766.2758 	 8058.0592
11309 	 6 	 92070.1696 	 18292.6853
11366 	 2 	 9268.809 	 1567.1339
11384 	 5 	 4170.9641 	 1076.9752
11459 	 2 	 463.4405 	 168.025
11529 	 52 	 142507.939 	 29399.4652
11530 	 270 	 587835.592 	 119610.786
11532 	 27 	 73957.372 	 14437.7298
11533 	 1 	 13362.533 	 2587.1693
11555 	 2 	 15448.015 	 2963.8962
11560 	 2 	 4981.9848 	 1241.1722
11621 	 16 	 154789.111 	 21357.1168
11627 	 2 	 13517.0132 	 2569.0393
1168 	 1 	 14907.3345 	 1842.2971
1244 	 8 	 98094.8955 	 14484.0284
1248 	 109 	 78746.2566 	 18874.5317
1300 	 5 	 2162.7221 	 664.6663
1315 	 25 	 148146.464 	 24563.3119
1328 	 6 	 71640.1697 	 8945.0941
1331 	 3 	 3244.0832 	 791.9198
1338 	 23 	 65267.8635 	 12809.0892
1351 	 391 	 1542870.5 	 257138.657
1353 	 8 	 27458.8467 	 4077.7856
1389 	 4 	 50360.529 	 7384.5931
1390 	 2 	 10620.5103 	 2165.96
1399 	 1 	 231.7202 	 96.1929
1431 	 3 	 5947.4858 	 1237.8632
1436 	 2 	 231.7202 	 93.7077
1440 	 189 	 666002.548 	 118848.591
1452 	 3 	 5599.9055 	 1303.4105
1469 	 66 	 35453.1945 	 9672.9875
1481 	 4 	 1313.0813 	 463.4194
1524 	 1 	 1158.6011 	 338.5587
1527 	 1 	 270.3403 	 97.4493
1536 	 3 	 6063.3459 	 1585.7188
1537 	 1 	 22322.3817 	 3246.4163
1580 	 4 	 1119.9811 	 408.6218
1645 	 5 	 2973.7429 	 827.2022
1652 	 1 	 733.7807 	 206.659
1654 	 1 	 8226.068 	 1221.7125
11902 	 70 	 407364.156 	 64559.7839
11920 	 3 	 23751.3231 	 3722.045
11958 	 37 	 525425.611 	 71839.5701
12018 	 24 	 7994.3478 	 2350.3815
12081 	 24 	 30007.7692 	 6367.0999
12084 	 45 	 51943.9506 	 11034.7396
12092 	 1 	 29119.5083 	 3269.9703
12153 	 2 	 4904.7448 	 1274.7221
12166 	 4 	 58509.3569 	 11364.8112
12167 	 4 	 45455.7842 	 7114.7515
12196 	 35 	 169117.145 	 32532.9345
12345 	 68 	 92919.8104 	 20183.716
12355 	 5 	 86547.5042 	 11765.3668
12407 	 1 	 19039.6785 	 2659.4044
12467 	 1 	 11779.1115 	 1502.0654
12480 	 41 	 102613.44 	 21147.438
12596 	 3 	 7569.5274 	 1399.4415
12607 	 2 	 154.4802 	 64.3425
12664 	 1 	 386.2004 	 130.0718
12765 	 14 	 40628.2795 	 6948.1285
12768 	 2 	 2162.7221 	 657.3193
12865 	 7 	 63143.7615 	 10097.3719
12995 	 7 	 15100.4347 	 3720.8778
13008 	 7 	 5561.2854 	 1321.5659
13060 	 1 	 7337.8071 	 1228.7926
13061 	 9 	 26145.7654 	 4818.3349
13142 	 18 	 46923.3457 	 9536.4731
13277 	 4 	 19850.6993 	 3727.4431
13391 	 2 	 20314.1398 	 3012.9126
13394 	 13 	 26029.9053 	 4939.5568
13463 	 3 	 63375.4817 	 11885.188
13466 	 2 	 1467.5614 	 451.8993
13475 	 1 	 1042.741 	 282.6757
13484 	 1 	 15448.015 	 2010.0036
13486 	 3 	 2626.1626 	 779.463
13561 	 6 	 19696.2192 	 4229.8093
13623 	 3 	 617.9206 	 247.924
13624 	 134 	 216310.831 	 48762.1693
13632 	 1 	 1042.741 	 337.1706
13636 	 3 	 1660.6616 	 481.2794
13642 	 245 	 1355910.9 	 199017.089
13718 	 35 	 171472.967 	 27310.1279
13733 	 2 	 84230.302 	 10152.3412
13736 	 2352 	 3704936.07 	 769361.628
13771 	 8 	 8071.5879 	 1959.2768
13773 	 5 	 2973.7429 	 926.1064
13843 	 313 	 858137.235 	 186130.157
13853 	 9 	 19387.2589 	 4283.8606
13855 	 11 	 54917.6934 	 8732.7262
13910 	 30 	 58934.1774 	 12594.6272
13937 	 4 	 7801.2476 	 1789.7447
13998 	 15 	 61135.5195 	 10208.2816
14037 	 1 	 4750.2646 	 896.2826
14106 	 1 	 14250.7939 	 2045.0053
14150 	 54 	 71949.13 	 17066.928
14151 	 1 	 1467.5614 	 361.2537
14169 	 18 	 11856.3515 	 3413.5746
14223 	 1 	 77.2401 	 33.6681
14232 	 2 	 1699.2817 	 528.0289
14297 	 1 	 2742.0227 	 547.2228
14505 	 1 	 3977.8639 	 757.8546
14515 	 2 	 1467.5614 	 356.1099
14565 	 1 	 18885.1984 	 2327.7018
14603 	 7 	 4518.5444 	 1385.1417
14607 	 2 	 8264.688 	 1855.0809
14625 	 1 	 4981.9848 	 1040.2049
14673 	 1 	 20854.8203 	 2717.1629
14688 	 1 	 18112.7976 	 2568.6567
14694 	 14 	 4557.1644 	 1372.4518
14740 	 2 	 6565.4064 	 1253.2838
14743 	 85 	 176377.712 	 38879.5575
14744 	 5 	 145443.062 	 13255.4104
14846 	 1 	 14868.7145 	 2676.2534
14900 	 2 	 695.1607 	 232.6483
14903 	 1 	 4441.3043 	 761.0795
14934 	 2 	 308.9603 	 121.7401
14972 	 45 	 49819.8485 	 11371.1351
14992 	 1 	 2703.4026 	 579.0676
15049 	 10 	 106900.264 	 15464.5627
15097 	 1 	 9693.6294 	 1216.449
15182 	 3 	 695.1607 	 272.129
15284 	 15 	 24909.9242 	 4666.4911
15339 	 2 	 502.0605 	 179.9998
15359 	 1 	 4634.4045 	 1154.5256
15411 	 3 	 42868.2417 	 6006.9113
15482 	 3 	 2124.1021 	 554.0382
15491 	 2 	 14328.0339 	 2510.4442
15499 	 1 	 34487.6936 	 5107.1016
15525 	 55 	 148262.324 	 27357.1018
15567 	 10 	 1931.0019 	 706.8806
15719 	 4 	 10118.4498 	 1509.4982
15801 	 72 	 63568.5819 	 16657.1865
15812 	 5 	 1042.741 	 371.6659
15875 	 140 	 242302.116 	 48099.3344
15876 	 1 	 540.6805 	 184.8233
16004 	 1 	 7839.8676 	 1120.7102
16026 	 1 	 25180.2645 	 4066.4453
16058 	 3 	 89946.0675 	 8226.7414
16068 	 196 	 366890.357 	 77815.7732
16135 	 4 	 9307.4291 	 1803.8616
16159 	 8 	 20236.8997 	 3203.3158
16243 	 28 	 38504.1775 	 7981.7722
16331 	 48 	 257479.791 	 42537.8831
16335 	 4 	 64302.3626 	 10116.7094
16396 	 15 	 17263.1568 	 4385.6567
16409 	 3 	 733.7807 	 280.7882
16416 	 2 	 3630.2835 	 934.4768
16458 	 210 	 419877.049 	 81811.5461
16464 	 9 	 46382.6651 	 7311.6631
16466 	 10 	 51171.5498 	 11008.1357
16576 	 1 	 6333.6862 	 978.2119
16606 	 99 	 682531.924 	 112305.629
16615 	 3 	 87358.525 	 10509.6383
16628 	 1 	 3784.7637 	 870.0688
16685 	 1 	 2278.5822 	 450.2034
16741 	 18 	 103694.801 	 18353.8465
16764 	 24 	 38851.7578 	 8108.3384
16789 	 3 	 27111.2664 	 4169.8991
16822 	 2 	 3784.7637 	 1039.2232
16835 	 10 	 39855.8788 	 7718.7111
16897 	 1 	 12860.4725 	 1757.1344
16903 	 4 	 386.2004 	 162.5093
16928 	 1 	 34062.8732 	 4419.1591
16937 	 2 	 3939.2438 	 924.0967
16968 	 1 	 10311.55 	 1318.9271
16971 	 253 	 371022.701 	 90561.0454
17040 	 2 	 1969.6219 	 522.636
17049 	 1 	 617.9206 	 210.104
17065 	 2 	 17070.0566 	 3197.6217
17103 	 1 	 7415.0472 	 1700.1917
17116 	 195 	 478656.746 	 89923.739
17127 	 1 	 11547.3912 	 1762.9438
17179 	 4 	 7569.5274 	 1583.0238
17194 	 127 	 590152.794 	 88956.8794
17262 	 1 	 888.2609 	 254.4366
17294 	 3 	 13439.7731 	 2327.9225
17373 	 1 	 22013.4214 	 2590.2759
17384 	 2 	 193.1002 	 81.6404
17392 	 1 	 6874.3667 	 1703.9982
1712 	 1 	 8998.4688 	 1224.0419
1725 	 16 	 49819.8485 	 8476.3081
1732 	 20 	 107402.325 	 16754.552
1736 	 20 	 28385.7276 	 7672.5814
1743 	 2 	 1699.2817 	 392.3552
1744 	 167 	 760042.34 	 121600.265
1758 	 15 	 13787.3534 	 3838.4648
1763 	 2 	 26840.9261 	 4741.582
1775 	 3 	 579.3006 	 199.4712
1777 	 12 	 31011.8902 	 6991.5201
1788 	 1 	 5793.0056 	 1115.4085
1789 	 12 	 2626.1626 	 804.7113
1793 	 4 	 11045.3307 	 2779.33
1794 	 1 	 1119.9811 	 319.8865
1819 	 15 	 15216.2948 	 4485.0915
1832 	 90 	 323558.675 	 67923.582
1854 	 7 	 31011.8902 	 4789.3618
1859 	 6 	 65692.6839 	 14272.6091
1862 	 3 	 5908.8658 	 1324.3615
1866 	 5 	 14328.0339 	 3278.1131
1868 	 2 	 193.1002 	 77.3317
1885 	 1 	 270.3403 	 97.7892
1891 	 39 	 40782.7597 	 10708.3667
1929 	 17 	 73609.7916 	 11988.7249
1999 	 14 	 41439.3003 	 7930.2022
2024 	 2 	 13014.9527 	 2568.6981
2151 	 3 	 2973.7429 	 660.8047
2152 	 26 	 151042.967 	 28078.3705
2165 	 2 	 4209.5841 	 862.1248
17459 	 3 	 40975.8599 	 6407.0213
17471 	 245 	 316066.388 	 68772.2889
17502 	 1415 	 3302708.37 	 659161.493
17607 	 4 	 17803.8373 	 2848.3336
17614 	 25 	 46266.805 	 7926.873
17636 	 2 	 10466.0302 	 1460.5308
17650 	 5 	 14714.2343 	 2936.971
17703 	 2 	 1506.1815 	 477.0118
17714 	 11 	 30046.3892 	 5376.5809
17767 	 4 	 1931.0019 	 548.1818
17835 	 1 	 8843.9886 	 1287.1013
17849 	 238 	 634256.877 	 108508.63
17861 	 3 	 56810.0753 	 6810.8142
17883 	 71 	 252884.006 	 42124.5287
17907 	 1 	 1351.7013 	 403.914
17919 	 12 	 31513.9507 	 6376.4254
17950 	 2 	 9577.7693 	 1353.9131
17969 	 7 	 14830.0944 	 3368.1814
17997 	 2 	 2664.7826 	 649.5193
18027 	 5 	 83651.0014 	 11732.1005
18038 	 1 	 5715.7656 	 1219.4511
18087 	 20 	 985815.079 	 125022.068
18110 	 5 	 1274.4612 	 448.8655
18161 	 1 	 1660.6616 	 420.0095
18166 	 32 	 201287.636 	 35137.9722
18172 	 258 	 470005.857 	 94702.2587
18186 	 4 	 8110.2079 	 1906.3362
18239 	 3 	 10157.0699 	 2475.4893
18273 	 1 	 2355.8223 	 642.8259
18339 	 1 	 12590.1323 	 1590.9715
18356 	 2 	 9114.3289 	 1321.3725
18410 	 15 	 157260.793 	 24602.0553
18453 	 12 	 3784.7637 	 1089.0095
18473 	 3 	 3282.7032 	 666.6805
18520 	 96 	 436831.245 	 76720.6888
18544 	 2 	 32556.6917 	 3714.0741
18629 	 1 	 21009.3004 	 3375.922
18631 	 1 	 55110.7936 	 5503.6346
18676 	 1 	 12397.0321 	 1484.3154
18694 	 1 	 3939.2438 	 794.48
18731 	 8 	 1042.741 	 376.8289
18735 	 5 	 32595.3117 	 6354.2246
18746 	 2 	 463.4405 	 160.9618
18895 	 4 	 131617.088 	 16926.5762
18897 	 2 	 2278.5822 	 649.1457
18924 	 1 	 6488.1663 	 1042.2841
18933 	 7 	 48777.1075 	 8112.0508
18935 	 1 	 19387.2589 	 3106.1691
18950 	 58 	 139186.615 	 31337.7847
18957 	 2 	 12474.2721 	 2063.4827
18974 	 14 	 7724.0075 	 2418.2438
19012 	 2 	 1892.3818 	 462.6701
19013 	 70 	 167147.523 	 33812.7772
19014 	 2 	 4711.6446 	 996.3839
19028 	 4 	 4750.2646 	 1216.667
19034 	 1 	 6024.7259 	 1085.2105
19042 	 7 	 32749.7919 	 5757.118
19046 	 2 	 58818.3172 	 7929.8213
19093 	 2 	 7762.6276 	 1595.6154
19097 	 4 	 60015.5384 	 5851.3883
19107 	 42 	 36495.9355 	 9411.5274
19120 	 54 	 96859.0543 	 21217.2595
19183 	 176 	 155793.232 	 36739.1959
19187 	 4 	 21009.3004 	 3588.6087
19194 	 3 	 270.3403 	 105.8395
19197 	 1 	 7762.6276 	 1182.6506
19207 	 2 	 2433.0624 	 740.1589
19212 	 6 	 101068.638 	 14550.0818
19249 	 1 	 27381.6066 	 3339.9708
19273 	 31 	 16143.1757 	 4679.8788
19375 	 3 	 27458.8467 	 4944.356
19380 	 31 	 60054.1584 	 11809.3355
19414 	 143 	 1019375.89 	 150890.984
19426 	 115 	 433896.122 	 88323.5049
19436 	 3 	 4981.9848 	 1343.3442
19466 	 1 	 19232.7787 	 2543.1027
19473 	 177 	 171781.927 	 42673.175
19494 	 3 	 656.5406 	 245.1796
19508 	 3 	 1197.2212 	 394.9209
19516 	 11 	 178347.334 	 21742.3363
19530 	 2 	 21125.1606 	 4335.8842
19541 	 1 	 733.7807 	 231.3374
19572 	 2 	 5599.9055 	 1176.4829
19580 	 8 	 44567.5234 	 6394.6675
19613 	 25 	 108792.646 	 18929.0198
19627 	 1 	 3166.8431 	 675.8481
19629 	 7 	 54956.3135 	 8136.7335
19649 	 48 	 203604.838 	 38863.4118
19651 	 2 	 1351.7013 	 423.1139
19669 	 173 	 1123958.95 	 182723.033
19691 	 178 	 286676.539 	 56724.9605
19724 	 12 	 27999.5273 	 6365.1036
19808 	 17 	 69516.0677 	 12708.8192
19885 	 4 	 21858.9413 	 3919.9738
19896 	 3 	 5175.085 	 1391.4121
19899 	 1 	 270.3403 	 108.8151
19910 	 1 	 13092.1927 	 1671.1081
19918 	 22 	 35723.5348 	 8282.2227
19932 	 84 	 23480.9829 	 7851.5586
19937 	 2 	 1467.5614 	 390.8024
19944 	 4 	 1313.0813 	 451.0987
19980 	 7 	 2355.8223 	 825.0319
19985 	 4 	 145056.861 	 17849.3752
20009 	 31 	 257325.31 	 40063.7079
20042 	 1 	 3900.6238 	 840.7363
20061 	 2 	 926.8809 	 303.971
20073 	 53 	 73880.1319 	 16111.8729
20099 	 1 	 38.62 	 17.2921
20107 	 6 	 25180.2645 	 4439.1778
20155 	 56 	 249794.403 	 38203.4193
20173 	 5 	 849.6408 	 326.7363
20198 	 5 	 308.9603 	 130.346
20202 	 3 	 42366.1812 	 5869.1649
20209 	 1 	 5406.8053 	 1356.4932
20213 	 3 	 9346.0491 	 2386.4033
20228 	 2 	 2124.1021 	 649.3901
20237 	 2 	 27845.0471 	 3916.8086
20280 	 1 	 5831.6257 	 1074.6587
20282 	 2 	 2935.1229 	 737.4959
20289 	 4 	 9423.2892 	 2011.8849
20308 	 20 	 51828.0904 	 10637.734
20309 	 45 	 166645.462 	 30290.0327
20372 	 4 	 109024.366 	 13181.2066
20433 	 2 	 4170.9641 	 803.4187
20456 	 13 	 45841.9846 	 9776.6814
20498 	 5 	 1969.6219 	 639.2775
20514 	 1 	 5213.7051 	 1071.0208
20539 	 1 	 13903.2135 	 2089.5781
20541 	 4 	 15023.1946 	 2537.0663
20621 	 1 	 3244.0832 	 811.748
20625 	 10 	 26493.3458 	 5913.9192
20650 	 1 	 5947.4858 	 1199.4679
20683 	 1 	 15602.4952 	 2155.0308
20718 	 1 	 11894.9716 	 2253.8214
20722 	 2 	 1081.3611 	 363.1036
20811 	 1 	 5677.1455 	 1298.4848
20812 	 1 	 6295.0661 	 1310.9083
20841 	 529 	 1306979.31 	 267048.255
20849 	 4 	 13594.2532 	 2607.7377
20868 	 1 	 14328.0339 	 2048.5011
20888 	 13 	 107402.325 	 15008.7346
20898 	 2 	 32286.3514 	 5369.0522
20905 	 5 	 1737.9017 	 639.3405
20954 	 4 	 29119.5083 	 5762.7192
20969 	 9 	 63761.6821 	 11749.9886
20988 	 8 	 11972.2117 	 2335.373
21002 	 1 	 849.6408 	 277.0357
21072 	 6 	 57119.0356 	 7503.4967
21094 	 1 	 38.62 	 17.2921
21096 	 2 	 811.0208 	 286.2563
21108 	 52 	 51596.3702 	 11452.2025
21197 	 17 	 83496.5213 	 12775.4901
21212 	 12 	 26223.0055 	 5341.2894
21234 	 5 	 63298.2416 	 9805.0167
21244 	 2 	 2703.4026 	 768.4564
21247 	 1 	 617.9206 	 224.3014
21250 	 19 	 167108.903 	 24769.4358
21252 	 1 	 10659.1304 	 1737.7132
21258 	 1 	 15061.8147 	 2174.2042
21268 	 42 	 45919.2247 	 10565.7724
21273 	 2 	 3514.4234 	 893.623
21302 	 1 	 154.4802 	 63.9434
21309 	 3 	 25411.9847 	 4054.2967
21323 	 2 	 502.0605 	 171.7139
21336 	 14 	 72760.1508 	 13256.6536
21454 	 2 	 15988.6956 	 2250.4379
21472 	 8 	 1776.5217 	 622.8148
21487 	 1 	 18653.4782 	 2329.3797
21535 	 1 	 2162.7221 	 487.7636
21550 	 1 	 8187.448 	 1845.0983
21575 	 52 	 86431.6441 	 19546.5965
21591 	 323 	 534771.66 	 110630.729
21613 	 6 	 30896.0301 	 6042.5074
21616 	 73 	 189122.324 	 37145.7463
21667 	 34 	 184989.98 	 31195.4999
21671 	 4 	 33251.8524 	 4257.7442
21706 	 1 	 12628.7523 	 2240.252
21707 	 1 	 8148.8279 	 1370.3798
21718 	 1 	 6295.0661 	 1266.3859
21737 	 36 	 155098.071 	 25969.5159
21738 	 1 	 1197.2212 	 379.8169
21781 	 11 	 215345.33 	 29328.3525
21801 	 6 	 2587.5425 	 753.976
21811 	 51 	 112461.549 	 25327.9861
21813 	 1 	 38.62 	 17.2921
21827 	 4 	 502.0605 	 182.2493
21840 	 22 	 66503.7047 	 12942.048
21865 	 33 	 54685.9732 	 13954.5112
21908 	 4 	 9539.1493 	 1813.3616
21945 	 2 	 3205.4631 	 778.4225
21977 	 1 	 5599.9055 	 1103.2639
21995 	 1 	 28887.7881 	 4409.4755
22027 	 2 	 308.9603 	 123.7998
22031 	 29 	 79518.6574 	 15188.5956
22075 	 12 	 4209.5841 	 1469.7409
22107 	 9 	 82878.6007 	 12543.1184
22178 	 2 	 5908.8658 	 1261.9023
22185 	 3 	 58084.5365 	 8788.395
22186 	 12 	 3707.5236 	 1172.1372
22188 	 8 	 14250.7939 	 3664.535
22266 	 2 	 3823.3837 	 872.014
22289 	 12 	 28501.5877 	 6097.6882
22291 	 1 	 38.62 	 17.2921
22292 	 11 	 3321.3232 	 1126.0098
22299 	 129 	 126403.383 	 32206.9946
22332 	 1 	 656.5406 	 213.4248
22347 	 2 	 4557.1644 	 946.3213
22426 	 5 	 43138.582 	 6556.0328
22431 	 1 	 7144.707 	 1300.268
22437 	 51 	 55419.7539 	 13426.2482
22438 	 2 	 17842.4574 	 2989.7948
22458 	 6 	 5715.7656 	 1351.1777
22472 	 50 	 286908.259 	 45235.1773
22479 	 29 	 53952.1925 	 11552.8356
22518 	 1 	 23558.2229 	 2745.9253
22585 	 1 	 7376.4272 	 1006.5069
22598 	 27 	 47464.0262 	 8884.1123
22669 	 2 	 41323.4402 	 4992.7356
22675 	 1 	 695.1607 	 241.0538
22715 	 3 	 7646.7674 	 1878.8715
22724 	 5 	 2780.6427 	 824.3987
22735 	 2 	 2819.2627 	 614.6127
22752 	 5 	 4518.5444 	 1214.0159
22768 	 3 	 40280.6992 	 7454.0887
22784 	 42 	 99987.2773 	 19851.0322
22798 	 1 	 36380.0754 	 3957.4608
22832 	 2 	 772.4008 	 242.4879
22886 	 111 	 230793.345 	 48353.4261
22912 	 6 	 7376.4272 	 1797.5251
22930 	 9 	 84770.9825 	 9753.2403
22986 	 4 	 193.1002 	 83.2956
22994 	 16 	 27729.187 	 4804.9386
23053 	 20 	 69438.8276 	 11263.6568
2317 	 1 	 23596.843 	 2484.5721
2359 	 240 	 2095368.76 	 287280.016
2424 	 22 	 24987.1643 	 5731.8774
2446 	 7 	 31204.9904 	 5126.6907
2495 	 1 	 6217.8261 	 1093.5794
2523 	 16 	 81488.2793 	 14351.0827
2531 	 1 	 22978.9224 	 2641.6083
2555 	 3 	 23789.9432 	 3703.1794
2564 	 2 	 10195.6899 	 2184.3741
2589 	 1 	 4286.8242 	 1042.9953
2599 	 1 	 22631.342 	 2786.2008
2605 	 1 	 7453.6673 	 1759.017
2633 	 14 	 151892.608 	 22304.4961
2642 	 57 	 236470.49 	 51191.949
2655 	 12 	 19155.5386 	 4016.7079
2685 	 35 	 24716.8241 	 6212.211
2698 	 2 	 3012.3629 	 795.2713
2701 	 398 	 432274.081 	 93102.9917
2712 	 115 	 236122.91 	 46732.1336
2716 	 3 	 9616.3894 	 1560.3765
2736 	 1 	 2046.862 	 501.1528
2748 	 12 	 41323.4402 	 5847.6026
2758 	 27 	 119644.876 	 22292.5517
2790 	 8 	 8457.7882 	 2012.7456
2800 	 9 	 7183.327 	 1910.5951
23087 	 3 	 1235.8412 	 393.2698
23106 	 17 	 187770.623 	 27067.39
23108 	 4 	 78977.9769 	 9439.425
23132 	 1 	 11547.3912 	 1503.4069
23152 	 1 	 3900.6238 	 929.4379
23248 	 1 	 115.8601 	 47.7891
23250 	 1 	 8148.8279 	 1654.9743
23258 	 386 	 285015.877 	 73674.3728
23292 	 6 	 23365.1227 	 4434.9488
23362 	 24 	 182132.097 	 29336.0621
23366 	 2 	 19078.2986 	 3067.2318
23416 	 16 	 36495.9355 	 7557.2117
23419 	 1 	 17263.1568 	 3230.9458
23422 	 2 	 115.8601 	 50.5554
23433 	 10 	 72682.9107 	 12260.61
23449 	 2 	 8496.4083 	 1441.7299
23450 	 9 	 16954.1965 	 3505.1821
23459 	 1 	 19812.0793 	 3067.7754
23468 	 21 	 81874.4797 	 16761.5008
23483 	 1 	 20314.1398 	 2737.7001
23498 	 5 	 18228.6577 	 2902.1193
23519 	 1 	 77.2401 	 33.2633
23524 	 38 	 116323.553 	 22407.6509
23533 	 26 	 83766.8615 	 15639.9529
23542 	 4 	 41671.0206 	 6867.3455
23547 	 3 	 308.9603 	 126.9649
23569 	 3 	 2008.242 	 524.465
23580 	 1 	 10427.4101 	 1471.723
23587 	 147 	 360054.61 	 67181.9422
23592 	 1 	 5059.2249 	 982.8573
23597 	 38 	 41632.4005 	 9661.7801
23599 	 4 	 3282.7032 	 777.8347
23607 	 1 	 6526.7864 	 1035.1056
23609 	 12 	 14173.5538 	 3510.1624
23637 	 1 	 5175.085 	 1242.5787
23653 	 2 	 7608.1474 	 1735.346
23700 	 4 	 18383.1379 	 3061.6685
23727 	 4 	 10427.4101 	 1673.461
23749 	 509 	 729532.51 	 174523.936
23787 	 1 	 10234.31 	 1513.9348
23802 	 2 	 308.9603 	 123.2236
23804 	 10 	 33135.9922 	 6133.9072
23811 	 2 	 18962.4385 	 2422.5705
23817 	 1 	 10736.3704 	 1596.4559
23831 	 67 	 114315.311 	 25499.3941
23876 	 2 	 72914.631 	 6809.5651
23881 	 1 	 7646.7674 	 1170.7796
23944 	 1 	 540.6805 	 189.5382
23971 	 1 	 9230.189 	 1445.8486
23980 	 151 	 551532.757 	 78056.1044
23998 	 148 	 390796.16 	 79989.1831
24014 	 1 	 15641.1152 	 1753.7565
24043 	 1 	 23094.7825 	 4168.0829
24054 	 3 	 926.8809 	 310.0282
24055 	 121 	 271189.904 	 50269.667
24064 	 1 	 38.62 	 17.2921
24070 	 4 	 347.5803 	 132.0336
24099 	 3 	 25759.5651 	 3282.7551
24101 	 1 	 9230.189 	 1604.069
24104 	 2 	 22940.3023 	 3313.9481
24117 	 3 	 26261.6256 	 4758.9006
24128 	 1 	 7028.8468 	 1303.6516
24139 	 2 	 3050.983 	 717.8414
24140 	 1 	 15950.0755 	 2220.5667
24165 	 1 	 11277.051 	 1771.8638
24170 	 7 	 3823.3837 	 1193.8246
24189 	 1 	 1428.9414 	 354.3933
24204 	 2 	 2046.862 	 613.7239
24207 	 1 	 3900.6238 	 862.0031
24224 	 2 	 1428.9414 	 451.1701
24260 	 45 	 130149.527 	 22979.8578
24270 	 1 	 424.8204 	 143.9029
24317 	 1 	 11740.4914 	 1795.0593
24318 	 1 	 18190.0377 	 2321.2864
24322 	 1 	 31513.9507 	 4710.3704
24339 	 1 	 6874.3667 	 1118.2061
24341 	 69 	 225038.959 	 41553.07
24366 	 12 	 2510.3024 	 894.7911
24391 	 1 	 1931.0019 	 516.9458
24421 	 1 	 13825.9735 	 2440.4489
24423 	 76 	 135170.132 	 29109.7174
24453 	 27 	 99099.0164 	 20017.923
24472 	 3 	 25759.5651 	 4666.0635
24482 	 4 	 87976.4456 	 12474.0997
24495 	 1 	 6063.3459 	 1271.2557
24507 	 4 	 2124.1021 	 576.6042
24530 	 294 	 380175.65 	 87115.0627
24566 	 13 	 68898.1471 	 13246.2856
24576 	 5 	 21125.1606 	 3948.4234
24579 	 1 	 7917.1077 	 1351.1743
24605 	 4 	 888.2609 	 304.082
24615 	 3 	 8959.8487 	 1469.2576
24634 	 2 	 2433.0624 	 640.5904
24637 	 1 	 1119.9811 	 324.7552
24708 	 2 	 23326.5027 	 3675.2209
24715 	 2 	 231.7202 	 98.1877
24726 	 167 	 144168.6 	 35922.2408
24760 	 10 	 62371.3607 	 10549.8144
24811 	 1 	 6101.9659 	 1323.0268
24832 	 6 	 64804.4231 	 8716.2022
24838 	 1 	 6835.7467 	 1215.5242
24841 	 4 	 3437.1833 	 984.5451
24844 	 1 	 8921.2287 	 1471.0282
24860 	 2 	 1197.2212 	 377.8036
24866 	 22 	 263002.456 	 35644.1199
24883 	 1 	 24098.9035 	 2904.6991
24903 	 1 	 9384.6691 	 1616.6435
24928 	 76 	 856360.713 	 115497.849
24944 	 1 	 6295.0661 	 1132.6512
24985 	 6 	 540.6805 	 216.8127
25026 	 1 	 14868.7145 	 3322.5889
25057 	 10 	 37384.1964 	 7588.6841
25077 	 32 	 202986.918 	 30637.5786
25103 	 8 	 540.6805 	 226.8139
25145 	 1 	 1197.2212 	 335.57
25157 	 1 	 6990.2268 	 1410.5154
25164 	 9 	 24794.0641 	 4920.0685
25193 	 1 	 12397.0321 	 2243.0907
25209 	 2 	 44104.0829 	 5553.4536
25217 	 2 	 44683.3835 	 8568.0426
25221 	 4 	 347.5803 	 139.431
25242 	 5 	 36650.4157 	 7606.2299
25274 	 1 	 4595.7845 	 922.3512
25288 	 10 	 60092.7785 	 10667.2075
25299 	 9 	 17185.9167 	 3151.6681
25300 	 10 	 39740.0187 	 5801.1036
25367 	 17 	 49086.0678 	 9935.0695
25381 	 4 	 9346.0491 	 1920.3463
25407 	 2 	 71408.4495 	 8926.7555
25408 	 2 	 24639.584 	 3583.0471
25421 	 24 	 14752.8544 	 4409.9268
25455 	 2 	 115.8601 	 48.7113
25460 	 8 	 17263.1568 	 3863.2142
25463 	 186 	 347657.578 	 71945.0356
25465 	 2 	 965.5009 	 331.2682
25475 	 2 	 1892.3818 	 451.3425
25504 	 10 	 21163.7806 	 3553.6415
25510 	 10 	 10890.8506 	 2715.8357
25522 	 67 	 135710.812 	 29091.6202
25528 	 1 	 5599.9055 	 990.2494
25556 	 9 	 29969.1492 	 4642.1989
25576 	 3 	 4866.1247 	 1074.6606
25583 	 3 	 61019.6594 	 7179.4792
25584 	 3 	 99292.1166 	 10923.4935
25589 	 90 	 292701.265 	 54633.3499
25604 	 4 	 8921.2287 	 1915.2372
25614 	 1 	 23133.4025 	 2846.9202
25638 	 9 	 17533.4971 	 3888.8077
25645 	 7 	 3823.3837 	 1167.214
25648 	 26 	 7144.707 	 2468.6593
25672 	 1 	 6449.5463 	 1112.0911
25734 	 2 	 579.3006 	 205.6179
25759 	 1911 	 7255816.8 	 1245496.41
25773 	 1 	 38.62 	 17.2921
25823 	 1 	 7376.4272 	 1354.8398
25843 	 12 	 53372.8919 	 9435.3553
25870 	 1 	 231.7202 	 92.7206
25894 	 1 	 5599.9055 	 1030.0791
25904 	 32 	 38426.9374 	 8168.9578
25979 	 1 	 1660.6616 	 472.2138
25981 	 2 	 77.2401 	 34.5843
25984 	 3 	 49742.6084 	 6063.5106
26012 	 3 	 193.1002 	 83.1388
26020 	 806 	 1154430.16 	 264323.088
26021 	 2 	 424.8204 	 161.9749
26026 	 4 	 30432.5896 	 4068.8368
26029 	 4 	 61792.0601 	 9494.276
26065 	 13 	 115975.973 	 14906.6601
26094 	 9 	 26454.7257 	 5884.9833
26096 	 1 	 1506.1815 	 442.4397
26107 	 1 	 5368.1852 	 1511.6881
26122 	 1 	 3089.603 	 589.7958
26136 	 290 	 504648.031 	 108662.282
26165 	 3 	 4248.2041 	 799.185
26187 	 4 	 3166.8431 	 834.6931
26197 	 5 	 30896.0301 	 4927.0508
26224 	 4 	 4827.5047 	 970.7794
26230 	 13 	 33908.393 	 5913.3583
26233 	 205 	 611084.855 	 112732.53
26235 	 1 	 579.3006 	 168.3
26236 	 8 	 2780.6427 	 904.3469
26262 	 2 	 772.4008 	 241.9705
26280 	 4 	 57775.5762 	 7903.591
26315 	 2 	 37191.0962 	 6057.8498
26333 	 1 	 463.4405 	 154.5931
26343 	 9 	 3591.6635 	 1188.5944
26352 	 20 	 70751.9089 	 12643.0207
26377 	 3 	 25373.3647 	 4277.2546
26378 	 43 	 158264.914 	 29247.1811
26383 	 10 	 11779.1115 	 2592.6123
26390 	 1 	 3437.1833 	 754.9947
26409 	 1 	 11354.2911 	 1594.5117
26410 	 3 	 656.5406 	 232.1579
26427 	 245 	 405085.574 	 80235.8404
26428 	 1 	 34912.514 	 5030.9622
26435 	 9 	 315873.287 	 37159.96
26467 	 11 	 32749.7919 	 6258.7035
26472 	 1 	 109835.387 	 12031.3926
26493 	 5 	 10620.5103 	 1510.6734
26495 	 1 	 7762.6276 	 1183.1465
26503 	 25 	 54492.873 	 11031.3861
26521 	 6 	 16529.3761 	 2254.4277
26594 	 122 	 178849.394 	 36091.3416
26598 	 1 	 1158.6011 	 368.1418
26607 	 4 	 13439.7731 	 2616.1465
26678 	 4 	 10659.1304 	 2296.4634
26748 	 2 	 13555.6332 	 2923.663
26815 	 1 	 9152.9489 	 1644.0687
26840 	 5 	 3050.983 	 809.9778
26859 	 3 	 5252.3251 	 1447.2885
26861 	 1 	 27072.6463 	 3815.7946
26916 	 6 	 54917.6934 	 7380.7804
26922 	 2 	 27149.8864 	 3474.952
26969 	 8 	 6024.7259 	 1429.9381
26989 	 1 	 21743.0812 	 3564.2674
26993 	 4 	 2896.5028 	 796.4567
27008 	 5 	 31398.0906 	 4643.79
27016 	 1 	 25411.9847 	 3444.248
27022 	 1 	 11933.5916 	 1502.9819
27024 	 4 	 811.0208 	 313.4789
27064 	 3 	 36843.5159 	 4497.3308
27076 	 1 	 2471.6824 	 600.2463
27078 	 4 	 7878.4877 	 1923.6256
27114 	 5 	 48429.5271 	 6679.0637
27115 	 21 	 49086.0678 	 9686.6595
27144 	 10 	 163053.799 	 28268.1355
27154 	 3 	 17340.3969 	 2767.3072
27187 	 104 	 147991.984 	 31806.3438
27202 	 1 	 38.62 	 17.2921
27215 	 2 	 14096.3137 	 1680.4884
27314 	 29 	 150463.666 	 26574.5908
27343 	 5 	 18885.1984 	 3457.3961
27346 	 45 	 52832.2114 	 13302.6209
27371 	 4 	 77008.3549 	 12142.0424
27387 	 3 	 25991.2853 	 3119.7308
27395 	 3 	 17610.7371 	 3267.0716
27423 	 50 	 170159.886 	 26975.9949
27424 	 10 	 15795.5954 	 3014.1303
27431 	 2 	 2973.7429 	 857.0031
27435 	 14 	 20275.5197 	 4826.5091
27440 	 189 	 409372.398 	 79921.0186
27462 	 329 	 432389.941 	 98399.852
27484 	 2 	 19348.6388 	 2581.1155
27489 	 7 	 4595.7845 	 1331.1485
27511 	 6 	 41323.4402 	 7292.3477
27515 	 1 	 1274.4612 	 323.0056
27547 	 1 	 7492.2873 	 1356.3011
27548 	 1 	 1853.7618 	 467.0331
27588 	 1 	 19464.4989 	 2977.1023
27599 	 2 	 16413.516 	 3148.2034
27600 	 2 	 31668.4308 	 5100.8467
27635 	 1 	 1042.741 	 317.0553
27645 	 3 	 4479.9244 	 1052.7236
27649 	 6 	 29235.3685 	 4994.5733
27731 	 11 	 75695.2737 	 12283.325
27739 	 11 	 55805.9543 	 9703.728
27761 	 1 	 656.5406 	 192.2626
27764 	 1 	 9268.809 	 1745.4453
27766 	 1 	 4711.6446 	 979.9317
27772 	 7 	 6256.4461 	 1615.4208
27776 	 26 	 100412.098 	 18750.6843
27781 	 2 	 6719.8865 	 1418.1655
27790 	 435 	 1706619.46 	 299797.386
27791 	 10 	 15911.4555 	 3595.9939
27834 	 5 	 8226.068 	 1863.7949
27910 	 4 	 20661.7201 	 3644.3809
27944 	 1 	 7028.8468 	 1236.122
27967 	 214 	 338002.569 	 75043.4311
27990 	 1 	 11161.1909 	 1917.47
28004 	 16 	 10774.9905 	 3230.0278
28018 	 1 	 24176.1435 	 3026.1571
28051 	 1 	 49703.9884 	 5125.834
28057 	 6 	 8921.2287 	 1948.6983
28073 	 13 	 15023.1946 	 3668.9328
28081 	 24 	 61598.96 	 10958.0828
28100 	 39 	 422773.551 	 62034.5281
28105 	 2 	 4866.1247 	 1066.3892
28112 	 1 	 8921.2287 	 1842.7801
28127 	 1 	 5484.0453 	 940.6272
28139 	 24 	 122193.799 	 19750.6858
28140 	 1 	 18267.2778 	 2613.0776
28315 	 14 	 217778.392 	 29988.9805
28324 	 1 	 32749.7919 	 3236.7647
28410 	 1 	 2896.5028 	 601.3729
28411 	 234 	 483291.15 	 102670.12
28451 	 1 	 23249.2626 	 3050.8598
28480 	 16 	 55999.0545 	 9598.485
28553 	 1 	 12397.0321 	 1665.2308
28593 	 2 	 2124.1021 	 455.453
28624 	 241 	 394735.404 	 84251.8324
28626 	 9 	 3012.3629 	 879.9957
28632 	 1 	 38.62 	 17.2921
28707 	 7 	 25914.0452 	 5083.1294
2828 	 13 	 181321.076 	 18990.4992
2906 	 85 	 338504.629 	 60953.6423
2912 	 48 	 21472.7409 	 6361.1747
2917 	 4 	 926.8809 	 349.8186
2922 	 1 	 2664.7826 	 656.341
2947 	 19 	 65036.1433 	 13141.9878
2971 	 5 	 463.4405 	 185.8994
2975 	 1 	 15486.6351 	 2453.4845
2982 	 1 	 38156.5971 	 3813.1611
2994 	 1 	 1158.6011 	 401.7413
3026 	 18 	 144709.281 	 21905.8992
3030 	 1 	 1660.6616 	 423.1968
3031 	 36 	 62796.1811 	 14832.7494
3038 	 12 	 76004.234 	 13449.4749
3062 	 5 	 1931.0019 	 571.3931
3068 	 33 	 57736.9562 	 13012.2723
3101 	 4 	 3282.7032 	 849.8493
3104 	 22 	 47772.9865 	 8931.9644
3122 	 1 	 695.1607 	 229.3902
3134 	 2 	 62255.5006 	 8258.3829
3182 	 1 	 15332.1549 	 2902.1696
3187 	 18 	 24909.9242 	 5598.4123
3190 	 1 	 811.0208 	 259.4844
3214 	 6 	 14289.4139 	 2456.164
3225 	 37 	 148880.245 	 27086.2292
3262 	 20 	 66194.7444 	 12421.9561
3292 	 1 	 2394.4423 	 663.8954
3297 	 1 	 888.2609 	 271.9107
3306 	 2 	 48854.3475 	 7860.7795
3328 	 3 	 2355.8223 	 600.0154
3344 	 16 	 188427.163 	 28562.3815
3376 	 131 	 364264.195 	 70699.6342
28729 	 1 	 4981.9848 	 1365.37
28743 	 1 	 15525.2551 	 1832.0008
28779 	 2 	 7608.1474 	 1113.4991
28802 	 3 	 24523.7239 	 4618.8033
28806 	 5 	 23558.2229 	 3410.8681
28814 	 2 	 44297.1831 	 5159.3598
28818 	 2 	 9577.7693 	 2089.7603
28819 	 1 	 1506.1815 	 369.1306
28822 	 1 	 424.8204 	 152.5557
28839 	 4 	 5252.3251 	 1348.1891
28847 	 1 	 25836.8051 	 4416.802
28858 	 9 	 19001.0585 	 3932.1691
28869 	 2 	 15023.1946 	 2375.3999
28880 	 1 	 9114.3289 	 1336.656
28894 	 41 	 123120.68 	 22279.6956
28923 	 3 	 1081.3611 	 407.278
28929 	 22 	 12049.4517 	 3313.8834
28960 	 44 	 359436.69 	 55799.9776
28980 	 9 	 38272.4572 	 7434.4875
28983 	 25 	 93035.6705 	 17412.8674
28992 	 1 	 8728.1285 	 1412.7739
29007 	 5 	 23480.9829 	 4227.0153
29011 	 1 	 2780.6427 	 792.5231
29017 	 1 	 12165.3118 	 1562.3241
29019 	 3 	 7376.4272 	 1827.3334
29033 	 2 	 772.4008 	 276.1223
29057 	 1 	 1081.3611 	 330.8944
29063 	 1 	 4093.724 	 784.1121
29087 	 1 	 5908.8658 	 1254.36
29093 	 2 	 10466.0302 	 1749.7058
29099 	 8 	 49588.1283 	 8769.9966
29143 	 1 	 4943.3648 	 1052.1258
29154 	 5 	 1815.1418 	 584.9508
29176 	 1 	 811.0208 	 260.076
29195 	 1 	 9307.4291 	 1337.3353
29248 	 1 	 1313.0813 	 403.7681
29264 	 8 	 64340.9826 	 11101.8372
29270 	 30 	 99678.317 	 18263.9112
29288 	 109 	 139765.916 	 30288.1101
29290 	 3 	 5252.3251 	 1250.5578
29313 	 1 	 11277.051 	 2081.0005
29342 	 2 	 39701.3986 	 5555.5545
29348 	 1 	 17108.6767 	 2329.3156
29364 	 13 	 48390.9071 	 7039.0547
29375 	 2 	 96241.1337 	 12851.9616
29398 	 1 	 154.4802 	 63.9495
29423 	 1 	 4557.1644 	 915.3226
29463 	 8 	 14675.6143 	 3474.2375
29476 	 4 	 38195.2172 	 5692.3916
29494 	 1 	 1119.9811 	 352.7587
29508 	 4 	 21858.9413 	 4854.1549
29615 	 12 	 21009.3004 	 4704.8977
29671 	 15 	 91259.1488 	 14602.6935
29688 	 3 	 24948.5443 	 3533.7511
29705 	 174 	 513067.199 	 90352.5898
29735 	 3 	 3746.1436 	 777.2181
29758 	 28 	 47579.8863 	 9554.7427
29787 	 20 	 135479.092 	 27566.8603
29836 	 97 	 367971.718 	 65507.9038
29842 	 43 	 68666.4268 	 14633.8789
29859 	 86 	 121460.018 	 28156.8657
29868 	 180 	 325064.856 	 65484.973
29886 	 49 	 21009.3004 	 5488.617
29926 	 26 	 79518.6574 	 13794.0654
30040 	 4 	 1081.3611 	 384.3192
30129 	 2 	 7376.4272 	 1573.9007
30186 	 2 	 20429.9999 	 2975.7327
30209 	 4 	 32827.0319 	 4724.3568
30227 	 3 	 3166.8431 	 945.3664
30238 	 1 	 965.5009 	 299.7814
30249 	 3 	 8805.3686 	 1687.7828
30306 	 1 	 13825.9735 	 2443.3238
30315 	 2 	 7762.6276 	 1783.525
30317 	 5 	 26377.4857 	 4981.2588
30327 	 3 	 37577.2966 	 3809.6871
30339 	 2 	 6758.5066 	 1339.2375
30340 	 1 	 7569.5274 	 1297.8005
30345 	 5 	 50321.909 	 8980.3949
30383 	 6 	 26686.446 	 4173.2464
30419 	 2 	 2742.0227 	 726.2366
30421 	 2 	 7917.1077 	 1533.037
30424 	 1 	 12088.0718 	 1997.9971
30426 	 2 	 35337.3344 	 4188.2401
30428 	 2 	 19039.6785 	 3459.4964
30445 	 2 	 3398.5633 	 626.8505
30446 	 3 	 2201.3421 	 575.6612
30519 	 25 	 122116.559 	 24680.2335
30536 	 8 	 20429.9999 	 4282.9049
30563 	 1 	 6024.7259 	 1113.5611
30567 	 12 	 15795.5954 	 3201.6549
30618 	 9 	 130844.687 	 17855.08
30619 	 32 	 168383.364 	 30565.4405
30645 	 2 	 25527.8448 	 4246.9024
30656 	 1 	 26686.446 	 3633.1042
30663 	 1 	 3475.8034 	 579.3945
30682 	 1 	 1235.8412 	 328.5291
30733 	 5 	 12551.5122 	 2567.9838
30769 	 2 	 3321.3232 	 903.9611
30781 	 40 	 77587.6555 	 16507.8225
30829 	 4 	 33444.9526 	 4641.3927
30842 	 5 	 39933.1189 	 5885.2707
30927 	 2 	 32633.9318 	 4463.3704
30952 	 4 	 849.6408 	 310.0506
30961 	 4 	 8496.4083 	 1746.425
31018 	 64 	 39701.3986 	 11246.5051
31020 	 5 	 47695.7464 	 7359.3115
31035 	 1 	 11045.3307 	 1753.3525
31076 	 19 	 81797.2396 	 16416.1725
31130 	 9 	 128257.145 	 19732.912
31132 	 3 	 7530.9073 	 1323.1381
31133 	 1 	 2278.5822 	 465.0317
31142 	 1 	 27381.6066 	 3163.039
31174 	 2 	 19001.0585 	 2372.6105
31236 	 3 	 6526.7864 	 1595.3928
31248 	 5 	 1853.7618 	 585.7889
31249 	 9 	 108020.245 	 17459.8759
31260 	 1 	 17533.4971 	 3337.6398
31273 	 117 	 829905.988 	 121963.836
31281 	 4 	 35414.5745 	 5792.1524
31295 	 1 	 540.6805 	 152.9327
31347 	 4 	 50244.6689 	 8347.0046
31375 	 17 	 114392.551 	 17419.2025
31417 	 10 	 15254.9148 	 3585.0978
31462 	 24 	 45803.3646 	 9758.7415
31491 	 2 	 14057.6937 	 2628.7981
31495 	 5 	 12203.9319 	 1744.4919
31515 	 2 	 3668.9036 	 902.706
31528 	 5 	 10272.93 	 2367.9017
31555 	 2 	 3668.9036 	 957.7593
31682 	 1 	 12744.6124 	 1946.9231
31702 	 2 	 1158.6011 	 370.3124
31703 	 52 	 91259.1488 	 17261.9607
31725 	 44 	 673958.276 	 96193.8252
31732 	 1 	 9616.3894 	 1972.9486
31738 	 1 	 21125.1606 	 3036.1647
31782 	 3 	 617.9206 	 232.5716
31783 	 1 	 27651.9469 	 2853.1114
31816 	 114 	 184565.16 	 34170.0955
31818 	 2 	 17340.3969 	 2339.7901
31830 	 1 	 11586.0113 	 1571.618
31835 	 2 	 9732.2495 	 1631.7143
31874 	 1 	 193.1002 	 78.6524
31885 	 1 	 14443.8941 	 1952.9881
31893 	 4 	 14868.7145 	 3191.9865
31913 	 1 	 154.4802 	 59.6733
31921 	 1 	 8032.9678 	 1545.5157
31948 	 1 	 1467.5614 	 375.7725
31956 	 2 	 59204.5176 	 6752.2152
32020 	 1 	 30741.5499 	 4491.5721
32074 	 2173 	 10476573.5 	 1616849.8
32083 	 3 	 14714.2343 	 2403.1911
32084 	 5 	 5831.6257 	 1206.0226
32090 	 2 	 14598.3742 	 1990.7462
32131 	 33 	 41709.6406 	 9595.9676
32145 	 22 	 53643.2322 	 10925.2189
32156 	 6 	 20468.6199 	 4272.6151
32184 	 4 	 30857.41 	 4802.2782
32204 	 195 	 257016.35 	 59586.0621
32208 	 1 	 15988.6956 	 2390.6804
32267 	 1 	 4904.7448 	 1064.4231
32304 	 49 	 117984.215 	 26054.6934
32305 	 22 	 25064.4044 	 6050.6369
32306 	 1 	 13478.3931 	 1879.9591
32315 	 37 	 416092.285 	 59575.5314
32354 	 51 	 76004.234 	 14053.9657
32367 	 4 	 2317.2023 	 581.9347
32377 	 312 	 730768.351 	 149042.887
32421 	 36 	 89946.0675 	 18506.9408
32423 	 9 	 12010.8317 	 2487.4559
32437 	 12 	 118331.795 	 17328.2136
32455 	 59 	 25103.0244 	 7620.7053
32482 	 3 	 38774.5177 	 5306.7991
32497 	 1 	 4981.9848 	 935.1581
32535 	 4 	 63027.9013 	 8628.6157
32538 	 24 	 122116.559 	 22154.9123
32545 	 41 	 208432.343 	 33884.6045
32576 	 1 	 6604.0264 	 1320.2069
32592 	 7 	 83844.1016 	 11454.2553
32596 	 1 	 8303.3081 	 1292.7559
32642 	 3 	 5175.085 	 1220.5514
32678 	 2 	 7183.327 	 1518.0209
32686 	 13 	 61212.7596 	 10470.913
32695 	 2 	 4364.0642 	 1058.3066
32700 	 2 	 40048.979 	 4669.3525
32742 	 5 	 3089.603 	 941.636
32798 	 3 	 48506.7672 	 7305.2052
32803 	 32 	 218821.133 	 36737.4107
32811 	 11 	 38002.117 	 7808.2618
32835 	 4 	 43524.7824 	 5962.4608
32892 	 2 	 4441.3043 	 786.4056
32941 	 1 	 21009.3004 	 2525.5538
32994 	 10 	 23751.3231 	 4272.8738
33052 	 2 	 3668.9036 	 911.3325
33095 	 1 	 6410.9262 	 1261.0775
33121 	 2 	 3823.3837 	 896.8024
33151 	 3 	 3784.7637 	 809.8777
33198 	 22 	 83187.561 	 16657.3609
33268 	 13 	 88826.0864 	 14686.6386
33455 	 62 	 76120.0941 	 17400.0627
33460 	 2 	 29235.3685 	 4779.5708
33526 	 6 	 3668.9036 	 797.1453
33536 	 1 	 424.8204 	 151.4455
33544 	 1 	 29467.0887 	 3769.843
33545 	 1 	 6179.206 	 1208.6382
33551 	 1 	 23249.2626 	 2673.1901
33562 	 10 	 1158.6011 	 452.8151
33583 	 1 	 17263.1568 	 2220.1713
33592 	 233 	 373030.943 	 81624.2856
33595 	 15 	 144323.08 	 23296.6361
33605 	 35 	 41555.1604 	 9111.5276
33645 	 3 	 6063.3459 	 1244.4066
33655 	 4 	 156063.572 	 18732.0709
33685 	 4 	 926.8809 	 295.3362
33698 	 41 	 190551.265 	 34022.9004
33707 	 1 	 3862.0038 	 810.5429
33716 	 70 	 325991.737 	 55002.8752
33719 	 27 	 316336.728 	 41046.8054
33721 	 2 	 45030.9638 	 5378.9473
33724 	 7 	 16954.1965 	 3461.8516
33725 	 1 	 10543.2703 	 1426.1979
33731 	 1 	 733.7807 	 206.8249
33732 	 56 	 68975.3871 	 15400.7911
33734 	 1 	 11277.051 	 1671.1194
33821 	 1 	 23094.7825 	 2877.9645
33834 	 3 	 656.5406 	 256.9617
33836 	 23 	 99176.2565 	 19500.3967
33870 	 1 	 2510.3024 	 530.168
33883 	 10 	 85775.1035 	 12814.5199
33887 	 1 	 28462.9677 	 3747.1545
33905 	 25 	 269954.063 	 28905.8826
33907 	 21 	 136019.772 	 21336.1333
33926 	 10 	 5599.9055 	 1531.2803
33958 	 5 	 22592.722 	 4015.7482
33959 	 4 	 19696.2192 	 3797.3373
34033 	 1 	 7492.2873 	 1183.0182
34114 	 4 	 1892.3818 	 609.3385
34125 	 1 	 2471.6824 	 649.2115
34145 	 3 	 1467.5614 	 465.2746
34182 	 1 	 21974.8014 	 2434.3164
34215 	 59 	 107556.805 	 23375.418
34241 	 1 	 34526.3136 	 3363.4282
34247 	 45 	 102536.2 	 18414.2672
34311 	 1 	 5213.7051 	 842.0349
34315 	 1 	 3707.5236 	 782.7948
34326 	 1 	 463.4405 	 152.022
3380 	 4 	 3089.603 	 982.8878
3391 	 7 	 34410.4535 	 5429.0096
3405 	 4 	 6449.5463 	 1186.0611
3423 	 1 	 8110.2079 	 1459.4286
3428 	 1 	 20777.5802 	 2770.8086
3442 	 1 	 38.62 	 17.2921
3470 	 1 	 4325.4442 	 1158.6594
3551 	 34 	 77162.8351 	 16070.8558
3552 	 4 	 4943.3648 	 1178.5453
3609 	 3 	 926.8809 	 319.3405
3614 	 19 	 61714.8201 	 11657.5964
3620 	 4 	 888.2609 	 325.3634
3649 	 7 	 3977.8639 	 1177.0914
3665 	 2 	 4248.2041 	 975.4161
3681 	 10 	 3128.223 	 989.8932
3735 	 107 	 132930.169 	 30495.9258
3780 	 115 	 473906.481 	 78325.3986
3903 	 4 	 2046.862 	 622.6744
3916 	 5 	 35530.4346 	 5305.7945
3932 	 38 	 52677.7313 	 10093.0711
34348 	 14 	 15834.2154 	 3620.5673
34358 	 1 	 6990.2268 	 1495.4055
34381 	 23 	 26107.1454 	 6211.2125
34433 	 29 	 32209.1113 	 8864.3366
34540 	 5 	 107170.604 	 14447.7143
34588 	 223 	 300579.753 	 68813.7648
34607 	 4 	 9500.5292 	 1729.2957
34701 	 9 	 4750.2646 	 1270.8189
34703 	 1 	 1699.2817 	 418.4714
34709 	 7 	 49703.9884 	 8671.0964
34723 	 21 	 64649.9429 	 11959.131
34864 	 4 	 33753.9129 	 4743.5373
34888 	 1 	 2896.5028 	 586.3717
34918 	 1 	 12899.0926 	 1663.9827
34951 	 18 	 70636.0487 	 14251.0934
34958 	 2 	 21241.0207 	 3281.5998
34966 	 4 	 9925.3497 	 2066.4247
34967 	 1 	 19387.2589 	 3636.9243
35009 	 1 	 17572.1171 	 1867.8752
35013 	 2 	 1042.741 	 377.166
35025 	 1 	 21395.5008 	 2725.5411
35055 	 5 	 5097.845 	 1075.7028
35058 	 1 	 9230.189 	 1600.1703
35067 	 77 	 147914.744 	 32482.7862
35084 	 3 	 17031.4366 	 3154.6614
35101 	 14 	 21820.3212 	 5011.3257
35115 	 225 	 446872.455 	 87396.754
35140 	 34 	 41400.6803 	 10481.1123
35275 	 26 	 144516.181 	 21409.2291
35291 	 4 	 14366.654 	 2920.1447
35496 	 5 	 1776.5217 	 605.9215
35506 	 7 	 1931.0019 	 554.9436
35533 	 3 	 40628.2795 	 4821.8386
35554 	 1 	 19039.6785 	 2706.5595
35560 	 5 	 66967.1452 	 10375.7105
35623 	 7 	 4479.9244 	 1441.2786
35641 	 18 	 13014.9527 	 3373.2762
35660 	 1 	 14328.0339 	 1883.4505
35685 	 61 	 80561.3984 	 16520.4206
35694 	 1 	 3668.9036 	 859.8783
35726 	 9 	 13092.1927 	 2898.0821
35757 	 2 	 64302.3626 	 9383.61
35766 	 2 	 5561.2854 	 1299.271
35799 	 1 	 29814.669 	 4460.9533
35803 	 1 	 7260.5671 	 1252.6119
35819 	 5 	 4170.9641 	 850.0038
35825 	 156 	 79055.2169 	 20602.8737
35838 	 2 	 7569.5274 	 1830.1999
35897 	 6 	 28887.7881 	 5423.3922
35934 	 7 	 12976.3326 	 2315.8443
35957 	 14 	 93923.9314 	 17318.8122
35992 	 2 	 386.2004 	 145.4333
36017 	 3 	 24407.8638 	 3492.2474
36062 	 2 	 48892.9676 	 5213.338
36081 	 2 	 6835.7467 	 1557.4993
36093 	 53 	 246357.22 	 43082.0445
36109 	 2 	 18344.5179 	 3473.6303
36128 	 1 	 10736.3704 	 1575.0589
36142 	 7 	 35144.2342 	 5573.5039
36145 	 1 	 8341.9281 	 1183.6599
36150 	 1 	 3205.4631 	 664.4025
36216 	 7 	 15602.4952 	 2702.4223
36217 	 31 	 82260.6801 	 16043.7292
36221 	 4 	 34526.3136 	 4633.6583
36224 	 32 	 63105.1414 	 15612.8808
36243 	 7 	 2587.5425 	 698.1869
36252 	 2 	 10736.3704 	 2130.7143
36256 	 1 	 5059.2249 	 840.5663
36275 	 1 	 502.0605 	 179.4181
36298 	 2 	 77.2401 	 34.5843
36301 	 41 	 28771.928 	 7038.9679
36316 	 3 	 46498.5253 	 6058.3933
36318 	 1 	 4479.9244 	 912.2211
36352 	 1 	 5445.4253 	 990.8625
36366 	 2 	 3321.3232 	 757.5161
36389 	 1 	 617.9206 	 201.3735
36436 	 135 	 763286.423 	 109134.877
36467 	 1 	 12937.7126 	 2325.2604
36504 	 4 	 8612.2684 	 2192.4105
36522 	 3 	 46344.0451 	 5692.5564
36529 	 2 	 13787.3534 	 2328.4928
36532 	 1 	 31784.2909 	 3347.9334
36538 	 2 	 28115.3874 	 4293.2551
36569 	 2 	 540.6805 	 179.9199
36618 	 1 	 34912.514 	 3308.3048
36637 	 17 	 33020.1321 	 7506.2444
36645 	 2 	 4209.5841 	 918.5638
36657 	 48 	 105162.362 	 20316.307
36692 	 5 	 3205.4631 	 902.0664
36759 	 5 	 1506.1815 	 536.9611
36977 	 2 	 9848.1096 	 1522.2938
36982 	 4 	 90834.3284 	 9643.1821
37030 	 29 	 118795.236 	 19172.8978
37071 	 3 	 3359.9433 	 952.378
37101 	 4 	 733.7807 	 274.3556
37140 	 1 	 4827.5047 	 922.297
37143 	 13 	 31243.6104 	 5115.7266
37152 	 2 	 54956.3135 	 6700.4034
37256 	 12 	 49163.3078 	 8907.8339
37259 	 1 	 3321.3232 	 753.0391
37261 	 21 	 36882.1359 	 8214.0552
37264 	 13 	 47772.9865 	 8378.4585
37299 	 9 	 6951.6068 	 1349.9376
37305 	 5 	 1081.3611 	 391.869
37311 	 1 	 8573.6483 	 1285.9667
37331 	 4 	 19657.5991 	 3090.2072
37336 	 1 	 54570.1131 	 5221.5135
37362 	 3 	 11006.7107 	 1856.7261
37374 	 13 	 20352.7598 	 5375.7741
37383 	 3 	 18923.8184 	 3063.2273
37410 	 32 	 128604.725 	 24251.9973
37426 	 4 	 5561.2854 	 1306.0427
37434 	 146 	 1500929.14 	 214502.755
37436 	 6 	 49279.168 	 7386.3496
37437 	 18 	 138530.075 	 21439.5409
37447 	 1 	 6217.8261 	 1187.3577
37462 	 3 	 926.8809 	 287.3657
37495 	 1 	 1737.9017 	 485.1653
37538 	 2 	 35182.8542 	 4737.8046
37542 	 4 	 4364.0642 	 945.2841
37569 	 9 	 13787.3534 	 3215.2419
37578 	 5 	 34410.4535 	 5827.1773
37587 	 56 	 289225.461 	 50975.5592
37613 	 5 	 13401.153 	 2898.0062
37615 	 12 	 1892.3818 	 712.5321
37643 	 6 	 5793.0056 	 1332.1207
37646 	 2 	 12937.7126 	 1845.1005
37649 	 8 	 35182.8542 	 6914.2208
37656 	 4 	 5368.1852 	 1261.7447
37665 	 1 	 11006.7107 	 1905.8903
37679 	 30 	 64302.3626 	 14090.8456
37698 	 1 	 1081.3611 	 282.4004
37702 	 1 	 4634.4045 	 1142.4928
37708 	 2 	 1235.8412 	 442.8333
37765 	 1 	 45571.6444 	 4610.6442
37766 	 1 	 733.7807 	 209.3716
37770 	 1 	 13208.0529 	 2518.8684
37771 	 4 	 35182.8542 	 5106.2267
37806 	 18 	 18692.0982 	 4657.7446
37833 	 1 	 8573.6483 	 1343.3874
37860 	 2 	 270.3403 	 106.1795
37868 	 29 	 125283.402 	 21039.7952
37872 	 2 	 15602.4952 	 2290.6842
37880 	 1 	 31938.7711 	 3448.3813
37888 	 1 	 16954.1965 	 2253.0366
37890 	 28 	 92147.4097 	 18503.1695
37907 	 5 	 63877.5422 	 6861.714
37916 	 6 	 849.6408 	 339.4575
37942 	 2 	 1622.0416 	 430.1634
38001 	 7 	 34719.4138 	 6897.115
38014 	 31 	 73841.5119 	 15665.8466
38023 	 24 	 154827.731 	 22565.0661
38024 	 1 	 1313.0813 	 365.3928
38052 	 5 	 13053.5727 	 3378.1396
38055 	 15 	 50360.529 	 8272.4849
38081 	 8 	 105973.383 	 16294.9514
38086 	 1 	 5908.8658 	 1136.9227
38104 	 1 	 6565.4064 	 1295.5148
38151 	 2 	 19734.8392 	 3116.4294
38188 	 1 	 12435.6521 	 2057.7569
38199 	 1 	 8805.3686 	 1380.1249
38209 	 2 	 386.2004 	 142.4129
38213 	 324 	 261998.335 	 69250.1057
38242 	 5 	 3282.7032 	 1003.1911
38264 	 2 	 617.9206 	 190.7585
38273 	 1 	 4827.5047 	 806.974
38284 	 2 	 2317.2023 	 547.2659
38322 	 56 	 40319.3192 	 10466.6693
38327 	 84 	 139572.816 	 25936.2218
38340 	 29 	 186689.262 	 32463.2293
38350 	 1 	 2162.7221 	 498.2958
38358 	 3 	 11508.7712 	 2177.8544
38409 	 7 	 19464.4989 	 3762.7941
38410 	 232 	 2594957.57 	 304148.296
38413 	 1 	 15950.0755 	 2064.9923
38450 	 1 	 35762.1548 	 4551.5207
38479 	 3 	 7685.3875 	 1917.8526
38481 	 5 	 16645.2362 	 2808.8606
38486 	 3 	 12744.6124 	 2256.7196
38488 	 14 	 74575.2926 	 12046.5365
38504 	 3 	 6372.3062 	 1415.6117
38506 	 136 	 103463.081 	 27015.3699
38510 	 3 	 13169.4328 	 2106.1771
38512 	 5 	 11817.7315 	 2134.1447
38514 	 27 	 22206.5216 	 5537.0699
38564 	 1 	 4479.9244 	 1014.9899
38595 	 2 	 28694.6879 	 3821.057
38648 	 40 	 171550.207 	 31795.0278
38656 	 389 	 866981.224 	 180103.003
38667 	 10 	 41014.4799 	 8261.268
38680 	 2 	 2703.4026 	 604.4971
38690 	 92 	 183638.279 	 36264.6328
38712 	 10 	 7492.2873 	 1996.7848
38715 	 3 	 2433.0624 	 774.3497
38720 	 6 	 12397.0321 	 2427.5909
38724 	 2 	 3205.4631 	 892.2062
38735 	 20 	 12667.3723 	 3629.3814
38800 	 1 	 4634.4045 	 856.2687
38804 	 4 	 31822.911 	 4140.2532
38844 	 4 	 48429.5271 	 8100.9067
38845 	 3 	 26107.1454 	 3362.0621
38851 	 2 	 2587.5425 	 580.8897
38859 	 23 	 175682.551 	 24594.4601
38885 	 2 	 14019.0736 	 2063.5906
38911 	 23 	 35762.1548 	 6974.8601
38941 	 60 	 90988.8086 	 18850.5019
38946 	 5 	 2819.2627 	 828.4647
38957 	 1 	 24214.7636 	 2650.8006
38981 	 1 	 2433.0624 	 493.1726
38988 	 2 	 3359.9433 	 623.7398
38998 	 28 	 85427.5231 	 15752.2881
39003 	 16 	 51094.3097 	 9019.5015
39010 	 3 	 41786.8807 	 5274.9528
39046 	 1 	 3475.8034 	 750.0368
39064 	 3 	 4286.8242 	 973.5818
39098 	 2 	 5059.2249 	 845.4156
39122 	 1 	 2239.9622 	 571.0033
39128 	 4 	 17301.7768 	 3692.0511
39157 	 2 	 5908.8658 	 996.9623
39161 	 137 	 898031.734 	 137295.164
39178 	 1 	 2626.1626 	 539.2841
39181 	 3 	 502.0605 	 196.054
39209 	 10 	 13092.1927 	 2946.6016
39224 	 1 	 8805.3686 	 1164.483
39243 	 49 	 209475.084 	 33313.3812
39247 	 1 	 28694.6879 	 3458.2249
39269 	 17 	 29969.1492 	 6895.9128
39282 	 2 	 8187.448 	 1238.4674
39293 	 76 	 218666.653 	 41377.3255
39299 	 7 	 36225.5953 	 4732.2833
39331 	 5 	 130226.767 	 15385.799
39356 	 6 	 28656.0679 	 7027.636
39391 	 3 	 811.0208 	 295.7138
39405 	 3 	 4325.4442 	 1076.8338
39407 	 4 	 2471.6824 	 790.8838
39413 	 2 	 2510.3024 	 560.7184
39447 	 5 	 27999.5273 	 3832.6255
39452 	 3 	 79441.4173 	 11234.4398
39459 	 26 	 59706.5781 	 10795.5732
39513 	 3 	 138414.215 	 14311.1631
39520 	 5 	 49433.6481 	 7393.9577
39527 	 1 	 16838.3364 	 2257.1372
39564 	 1 	 4634.4045 	 1144.2021
39606 	 2 	 3398.5633 	 951.1664
39617 	 17 	 234076.048 	 28857.639
39628 	 2 	 5213.7051 	 958.2572
39640 	 1 	 19927.9394 	 2285.1198
39657 	 10 	 10697.7504 	 2573.6912
39673 	 172 	 566671.812 	 102937.622
39674 	 4 	 15139.0547 	 2816.5062
39748 	 261 	 216851.511 	 56989.5225
39755 	 2 	 2973.7429 	 676.5459
39793 	 15 	 18228.6577 	 4254.6351
39796 	 2 	 2124.1021 	 641.6073
39802 	 174 	 248481.322 	 53465.6519
39869 	 312 	 595559.6 	 120813.424
3969 	 134 	 565049.77 	 101155.415
4039 	 1 	 3128.223 	 617.7769
4072 	 1 	 1660.6616 	 489.5599
4090 	 13 	 4093.724 	 1349.3404
4092 	 56 	 70674.6688 	 19638.5662
4098 	 10 	 1931.0019 	 706.0655
4103 	 41 	 177459.073 	 30858.524
4122 	 1 	 7492.2873 	 1200.5633
4140 	 40 	 163362.759 	 28894.3192
4165 	 2 	 3514.4234 	 788.5942
4211 	 6 	 5599.9055 	 1289.756
4231 	 236 	 854082.131 	 143661.813
4232 	 40 	 184294.819 	 33276.9419
4244 	 11 	 47309.546 	 10111.8197
4246 	 1 	 733.7807 	 217.3719
4281 	 41 	 236933.931 	 40365.7384
4284 	 10 	 18190.0377 	 4459.288
4299 	 4 	 13903.2135 	 2573.6933
4315 	 20 	 124202.041 	 20064.0237
4331 	 2 	 1776.5217 	 507.5234
4339 	 4 	 14598.3742 	 2230.6245
4342 	 1 	 2626.1626 	 534.2549
4361 	 71 	 197039.432 	 37108.2462
4374 	 7 	 656.5406 	 257.1601
4380 	 5 	 14405.274 	 2203.5685
4445 	 11 	 60401.7388 	 9515.6597
4467 	 1 	 8419.1682 	 1500.2499
39987 	 9 	 48815.7275 	 9378.6196
40001 	 2 	 45841.9846 	 5556.9303
40004 	 274 	 604056.008 	 125824.463
40022 	 2 	 347.5803 	 135.6894
40053 	 1 	 4866.1247 	 954.2015
40063 	 1 	 4634.4045 	 1105.2626
40064 	 1 	 5329.5652 	 1204.7075
40092 	 1 	 3321.3232 	 654.6699
40096 	 63 	 339779.091 	 51296.2505
40112 	 9 	 39971.7389 	 5562.9431
40124 	 2 	 115.8601 	 50.5554
40133 	 3 	 3398.5633 	 827.3401
40134 	 14 	 46614.3854 	 8118.9159
40143 	 39 	 54068.0526 	 12709.7119
40160 	 1 	 35105.6142 	 3714.3028
40161 	 141 	 1268127.55 	 153420.36
40169 	 2 	 15370.775 	 2010.1725
40172 	 3 	 4441.3043 	 1035.7956
40180 	 6 	 91838.4494 	 11557.5637
40211 	 3 	 3707.5236 	 913.8742
40222 	 4 	 1506.1815 	 534.8419
40258 	 1 	 38195.2172 	 4394.7559
40337 	 1 	 5136.465 	 1045.832
40340 	 3 	 4557.1644 	 1188.6512
40350 	 1 	 1660.6616 	 428.9282
40360 	 3 	 44799.2436 	 4763.8644
40362 	 9 	 86508.8842 	 14327.9179
40403 	 4 	 849.6408 	 327.0681
40406 	 1 	 18962.4385 	 2663.6051
40408 	 37 	 37229.7162 	 8134.2225
40418 	 2 	 18035.5576 	 3018.3906
40450 	 1 	 18730.7182 	 2274.5493
40470 	 5 	 9500.5292 	 2042.461
40485 	 10 	 22669.9621 	 4341.0398
40524 	 67 	 333445.405 	 56191.9874
40527 	 42 	 144632.041 	 21061.8505
40535 	 1 	 22399.6218 	 2439.0585
40536 	 3 	 33367.7125 	 4300.9629
40548 	 1 	 52368.771 	 6232.6974
40558 	 1 	 4325.4442 	 845.0858
40560 	 1 	 8728.1285 	 1439.5467
40573 	 9 	 37075.2361 	 6469.7737
40590 	 1 	 6681.2665 	 1178.6764
40594 	 1 	 13671.4933 	 2160.7693
40597 	 3 	 3166.8431 	 867.9803
40611 	 79 	 83342.0411 	 19055.7328
40630 	 3 	 1158.6011 	 345.1741
40667 	 6 	 8226.068 	 1472.9381
40683 	 1 	 502.0605 	 163.9116
40727 	 1 	 1853.7618 	 401.3428
40728 	 2 	 11972.2117 	 1590.5659
40912 	 13 	 20623.1001 	 5128.956
40915 	 1 	 6256.4461 	 1034.9026
40939 	 6 	 2162.7221 	 653.8882
40963 	 4 	 10736.3704 	 2480.5162
41044 	 32 	 239714.573 	 38500.5344
41068 	 3 	 7106.0869 	 1569.9757
41097 	 23 	 462822.53 	 53766.6619
41111 	 4 	 5522.6654 	 1343.8011
41127 	 6 	 1390.3214 	 489.0665
41139 	 2 	 55458.374 	 7220.4122
41177 	 1 	 7299.1871 	 1282.6656
41179 	 5 	 888.2609 	 315.1727
41181 	 9 	 73995.992 	 10354.287
41184 	 11 	 15911.4555 	 3395.3654
41187 	 7 	 11508.7712 	 2503.7628
41191 	 1 	 35916.635 	 4869.4327
41193 	 1 	 15409.395 	 3600.6004
41266 	 6 	 20236.8997 	 3946.2733
41308 	 2 	 4170.9641 	 976.9493
41312 	 9 	 15139.0547 	 2852.7099
41326 	 2 	 424.8204 	 152.4141
41364 	 1 	 6912.9867 	 1206.6177
41404 	 1 	 19271.3988 	 2445.3973
41411 	 11 	 7801.2476 	 1574.3652
41456 	 1 	 14830.0944 	 1702.8698
41469 	 3 	 540.6805 	 211.7653
41524 	 1 	 31011.8902 	 3560.1759
41567 	 1 	 37847.6368 	 4979.9493
41590 	 4 	 8187.448 	 1847.951
41603 	 1 	 30664.3098 	 3431.1622
41612 	 28 	 157840.094 	 28166.0853
41613 	 1 	 6179.206 	 876.5686
41615 	 180 	 330626.142 	 64510.0736
41629 	 1 	 7878.4877 	 1575.4187
41674 	 3 	 308.9603 	 127.7746
41693 	 2 	 231.7202 	 93.1197
41701 	 20 	 10504.6502 	 2546.8278
41702 	 10 	 7646.7674 	 1871.8277
41710 	 3 	 31822.911 	 5662.763
41726 	 8 	 18305.8978 	 3917.4809
41735 	 66 	 242881.416 	 43386.9069
41768 	 1 	 347.5803 	 125.2722
41802 	 1 	 9655.0094 	 1439.364
41846 	 5 	 1235.8412 	 404.4802
41853 	 2 	 59745.1981 	 7493.4446
41875 	 15 	 87628.8653 	 14338.5374
41878 	 4 	 7221.947 	 1628.5554
41922 	 8 	 3900.6238 	 1031.3323
41942 	 2 	 60285.8787 	 6551.2194
41958 	 63 	 52523.2511 	 13484.967
41981 	 21 	 91761.2093 	 17169.637
41990 	 2 	 8226.068 	 1472.7118
42025 	 4 	 270.3403 	 115.2379
42046 	 28 	 71253.9693 	 13566.0768
42060 	 1 	 270.3403 	 94.296
42105 	 2 	 3900.6238 	 716.8733
42113 	 1 	 13825.9735 	 1957.7096
42117 	 1 	 20584.48 	 3089.2017
42131 	 3 	 24716.8241 	 2881.0921
42159 	 1 	 12667.3723 	 2064.6776
42164 	 1 	 31243.6104 	 4272.381
42168 	 4 	 540.6805 	 217.1469
42180 	 1 	 21549.981 	 3187.4289
42183 	 2 	 4788.8847 	 1302.683
42188 	 1 	 231.7202 	 81.8181
42220 	 924 	 1790077.36 	 348251.149
42236 	 5 	 15409.395 	 3304.7106
42246 	 1 	 16413.516 	 2229.6612
42257 	 9 	 96627.334 	 13548.7428
42292 	 140 	 86122.6838 	 21730.8567
42310 	 3 	 8728.1285 	 1408.1444
42320 	 1 	 37461.4365 	 3920.6626
42334 	 1 	 8959.8487 	 1164.0573
42349 	 55 	 76120.0941 	 15602.2178
42372 	 5 	 8921.2287 	 1928.0101
42405 	 3 	 4441.3043 	 874.5271
42435 	 4 	 3437.1833 	 754.2099
42480 	 3 	 9655.0094 	 1416.9259
42502 	 53 	 116593.893 	 23987.363
42607 	 4 	 14830.0944 	 2996.2347
42608 	 8 	 2587.5425 	 894.1155
42668 	 108 	 339740.471 	 65515.6783
42671 	 5 	 1506.1815 	 506.2995
42674 	 3 	 4248.2041 	 1042.3457
42782 	 15 	 93769.4513 	 15074.6916
42803 	 5 	 42829.6217 	 6496.3968
42807 	 2 	 1853.7618 	 474.1399
42820 	 2 	 29660.1889 	 4498.6321
42821 	 6 	 28810.548 	 3141.6073
42822 	 3 	 4557.1644 	 1147.6459
42824 	 1 	 11315.671 	 1747.4493
42840 	 6 	 36611.7956 	 5244.9432
42913 	 1 	 9268.809 	 1569.9521
42924 	 1 	 21279.6407 	 2779.1112
42930 	 118 	 286599.299 	 61574.0711
42933 	 1 	 4634.4045 	 1316.4575
42936 	 1 	 115.8601 	 47.3903
42950 	 14 	 9461.9092 	 2552.0131
42955 	 1 	 9616.3894 	 1501.5704
42960 	 1 	 8226.068 	 1651.6392
42964 	 1 	 7839.8676 	 1425.3776
42968 	 1 	 3475.8034 	 730.5596
43006 	 3 	 386.2004 	 161.5492
43024 	 4 	 7144.707 	 1571.6239
43041 	 1 	 11740.4914 	 1966.6393
43047 	 39 	 111998.109 	 20041.3864
43048 	 1 	 24098.9035 	 3489.9932
43050 	 1 	 9809.4895 	 1305.0986
43072 	 11 	 7801.2476 	 2242.7519
43148 	 1 	 4557.1644 	 1174.2605
43152 	 501 	 1348882.05 	 249751.897
43155 	 1 	 29080.8883 	 2796.6455
43156 	 3 	 6410.9262 	 1294.2051
43201 	 4 	 5329.5652 	 1165.6344
43215 	 12 	 75038.733 	 11269.4075
43224 	 1 	 5754.3856 	 1117.538
43228 	 2 	 4904.7448 	 1160.4665
43229 	 8 	 7530.9073 	 2011.7135
43249 	 1 	 9037.0888 	 1261.0473
43281 	 3 	 4248.2041 	 1062.236
43283 	 1 	 4904.7448 	 938.5918
43290 	 4 	 1351.7013 	 468.537
43292 	 12 	 2896.5028 	 1046.205
43302 	 7 	 53913.5725 	 7145.7591
43303 	 4 	 17687.9772 	 2869.5765
43340 	 2 	 22438.2418 	 2908.2164
43356 	 1 	 36959.376 	 5770.7446
43370 	 2 	 270.3403 	 111.824
43465 	 2 	 115.8601 	 50.2155
43470 	 24 	 39624.1586 	 8803.6712
43529 	 3 	 7453.6673 	 1879.4948
43554 	 1 	 540.6805 	 167.8803
43576 	 8 	 73146.3512 	 12456.4628
43608 	 3 	 128141.285 	 18836.1586
43617 	 1 	 16297.6559 	 2236.9411
43622 	 5 	 63954.7822 	 9213.5165
43628 	 4 	 39624.1586 	 6116.5551
43632 	 1 	 2626.1626 	 578.7651
43635 	 6 	 5638.5255 	 1448.5257
43639 	 6 	 8380.5482 	 1861.3017
43655 	 3 	 772.4008 	 270.5008
43672 	 1 	 10890.8506 	 2041.9112
43677 	 3 	 9886.7296 	 2200.4338
43686 	 2 	 424.8204 	 160.4384
43727 	 2 	 772.4008 	 287.3616
43741 	 2 	 3668.9036 	 802.8012
43763 	 7 	 6024.7259 	 1772.4425
43791 	 2 	 6101.9659 	 1027.5462
43805 	 3 	 26261.6256 	 4534.3016
43807 	 4 	 15409.395 	 2583.7584
43809 	 2 	 65267.8635 	 6878.1692
43830 	 7 	 13517.0132 	 3196.4073
43835 	 1 	 2626.1626 	 527.7032
43870 	 2 	 20507.24 	 3033.0299
43875 	 1 	 51403.27 	 6214.904
43876 	 56 	 216310.831 	 37488.4524
43900 	 1 	 2548.9225 	 612.6104
43913 	 3 	 5059.2249 	 1042.8828
43921 	 292 	 607415.951 	 118132.262
43956 	 1 	 86238.5439 	 9909.7757
44008 	 2 	 13053.5727 	 2656.366
44010 	 3 	 2973.7429 	 769.6788
44024 	 21 	 64418.2227 	 12862.7635
44055 	 133 	 106359.584 	 28701.2561
44075 	 79 	 180394.196 	 37162.6513
44079 	 1 	 5329.5652 	 1199.3344
44094 	 328 	 279686.312 	 66727.4159
44098 	 5 	 502.0605 	 203.3747
44133 	 23 	 148609.905 	 23915.7583
44135 	 1 	 3591.6635 	 612.9287
44145 	 3 	 33213.2323 	 5355.5504
44200 	 1 	 3630.2835 	 807.8295
44209 	 2 	 7492.2873 	 1423.8712
44215 	 3 	 19927.9394 	 3674.3855
44250 	 42 	 84037.2018 	 16782.9939
44263 	 4 	 2819.2627 	 870.0241
44265 	 1 	 1274.4612 	 377.7096
44276 	 51 	 100450.718 	 22222.8117
44325 	 1 	 43177.202 	 4918.4464
44345 	 1 	 21086.5405 	 3161.268
44366 	 4 	 2896.5028 	 687.9687
44369 	 3 	 965.5009 	 331.2469
44436 	 1 	 1776.5217 	 501.6971
44438 	 8 	 2819.2627 	 856.2844
44453 	 27 	 175721.171 	 25385.6673
44459 	 1 	 4750.2646 	 875.0515
44460 	 1 	 4016.4839 	 779.0208
44461 	 3 	 4402.6843 	 1039.1016
44466 	 37 	 73995.992 	 17530.3395
44484 	 7 	 4557.1644 	 1339.4287
44490 	 2 	 2046.862 	 569.363
44555 	 2 	 33831.1529 	 3809.8298
44595 	 4 	 26145.7654 	 4436.4714
44597 	 1 	 38.62 	 17.2921
44602 	 9 	 49472.2681 	 9472.9227
44611 	 1 	 6604.0264 	 1214.5484
44631 	 10 	 2973.7429 	 1006.6643
44645 	 2 	 2935.1229 	 797.3976
44663 	 1 	 42636.5215 	 6029.3595
44664 	 11 	 12976.3326 	 3647.8975
44666 	 2 	 6256.4461 	 1200.6326
44715 	 6 	 9848.1096 	 2095.1644
44726 	 60 	 73416.6915 	 17388.9401
44729 	 3 	 65345.1036 	 10241.246
44735 	 7 	 11122.5708 	 2511.5632
44736 	 2 	 22206.5216 	 2636.0713
44776 	 1 	 22785.8222 	 2548.119
44794 	 1 	 849.6408 	 234.7245
44808 	 2 	 12435.6521 	 2434.4907
44830 	 6 	 3668.9036 	 1050.09
44833 	 12 	 5097.845 	 1617.9464
44859 	 1 	 5175.085 	 1128.9339
45042 	 3 	 16104.5557 	 2747.3609
45087 	 4 	 17185.9167 	 3839.6199
45145 	 24 	 16413.516 	 4320.9942
45231 	 2 	 27690.5669 	 4258.9812
45233 	 24 	 44297.1831 	 9416.0721
45250 	 8 	 15177.6748 	 2544.1996
45267 	 191 	 193216.048 	 49648.6896
45378 	 9 	 5020.6049 	 1489.9858
45388 	 1 	 2935.1229 	 757.8406
45402 	 80 	 244928.278 	 45306.8691
45406 	 1 	 6372.3062 	 1192.7349
45410 	 1 	 16915.5765 	 2935.3618
45416 	 1 	 1776.5217 	 523.8522
45421 	 51 	 27729.187 	 7116.572
45438 	 7 	 14019.0736 	 2930.0674
45440 	 2 	 6063.3459 	 1179.6418
45444 	 15 	 77162.8351 	 12999.9
45452 	 5 	 24909.9242 	 4900.7143
45470 	 16 	 48854.3475 	 8706.7582
45474 	 14 	 27034.0263 	 4704.2343
45478 	 10 	 14173.5538 	 3263.9756
45486 	 47 	 71331.2094 	 13807.9313
45505 	 81 	 56732.8352 	 14865.7766
45516 	 3 	 231.7202 	 94.4464
45519 	 245 	 497812.284 	 98022.6865
45527 	 1 	 9616.3894 	 1506.5721
45529 	 1 	 10659.1304 	 1911.8441
45534 	 6 	 2896.5028 	 770.0618
45540 	 1 	 27574.7068 	 2997.9774
45574 	 3 	 1351.7013 	 407.6182
4510 	 3 	 2201.3421 	 597.3756
4523 	 2 	 270.3403 	 102.6096
4525 	 43 	 565435.97 	 73504.9652
4531 	 3 	 1815.1418 	 597.3812
4550 	 13 	 6449.5463 	 1880.3887
4551 	 4 	 9268.809 	 1910.6771
4589 	 34 	 71408.4495 	 12398.0256
4600 	 88 	 120185.557 	 27441.483
4658 	 1 	 1931.0019 	 521.2616
4678 	 41 	 32633.9318 	 7943.2729
4688 	 17 	 50785.3494 	 8581.3338
4727 	 191 	 231140.925 	 52920.663
4762 	 1 	 1235.8412 	 287.1932
4787 	 1 	 46730.2455 	 6005.3759
4794 	 4 	 28192.6274 	 6055.4115
4796 	 11 	 5252.3251 	 1532.3523
4833 	 2 	 193.1002 	 80.8956
4859 	 2 	 154.4802 	 65.2644
4911 	 6 	 29003.6482 	 4522.9151
4913 	 35 	 39315.1983 	 9293.9561
4936 	 4 	 28269.8675 	 4131.6303
4939 	 37 	 244812.418 	 36071.2901
4945 	 1 	 46344.0451 	 5081.6293
4965 	 125 	 354686.425 	 59698.6109
4968 	 32 	 385273.495 	 47011.7661
5030 	 39 	 22631.342 	 6001.4775
5065 	 3 	 3900.6238 	 1037.0823
45627 	 2 	 4325.4442 	 1146.0842
45635 	 3 	 9191.5689 	 1750.7965
45650 	 3 	 12281.172 	 2806.223
45653 	 3 	 35800.7748 	 6497.5238
45677 	 42 	 29312.6085 	 7440.1613
45679 	 1 	 3553.0435 	 735.5308
45683 	 1 	 1892.3818 	 535.8251
45686 	 1 	 270.3403 	 100.7651
45688 	 3 	 2124.1021 	 608.2595
45692 	 52 	 135324.612 	 24193.8053
45705 	 1 	 65345.1036 	 7215.0922
45716 	 70 	 99099.0164 	 21857.6565
45767 	 1 	 5870.2457 	 1232.5979
45777 	 38 	 118100.075 	 22172.7438
45791 	 1 	 30857.41 	 4406.3539
45799 	 2 	 695.1607 	 219.8696
45821 	 1 	 11779.1115 	 1729.8682
45824 	 6 	 9152.9489 	 2197.189
45834 	 1 	 386.2004 	 143.5034
45842 	 2 	 1467.5614 	 418.6782
45899 	 2 	 15602.4952 	 2519.505
45908 	 7 	 78784.8767 	 9428.4437
45909 	 1 	 308.9603 	 114.0733
45918 	 40 	 162937.939 	 28041.5168
45919 	 4 	 15718.3553 	 2725.4703
45931 	 146 	 200129.035 	 44850.0302
45936 	 1 	 7299.1871 	 1207.7824
45939 	 49 	 107093.364 	 19738.5302
45959 	 4 	 3784.7637 	 1048.0674
45972 	 2 	 11972.2117 	 1951.0331
45980 	 2 	 6642.6465 	 1351.3898
45985 	 3 	 18962.4385 	 3025.327
45999 	 9 	 6333.6862 	 1410.7092
46002 	 30 	 72721.5308 	 14855.3624
46007 	 639 	 686818.748 	 159966.181
46012 	 1 	 7839.8676 	 1202.0967
46014 	 6 	 16374.8959 	 3394.4396
46026 	 9 	 27883.6671 	 5491.6092
46038 	 72 	 130960.547 	 27858.2473
46040 	 159 	 826546.044 	 144410.339
46046 	 1 	 38.62 	 17.2921
46066 	 1 	 4557.1644 	 881.0498
46067 	 3 	 66889.9051 	 7016.6923
46069 	 1 	 8959.8487 	 1332.44
46117 	 1 	 231.7202 	 82.6815
46127 	 9 	 6101.9659 	 1783.3457
46135 	 131 	 360324.951 	 63604.3936
46181 	 1 	 31359.4705 	 3621.7052
46213 	 8 	 1815.1418 	 615.0642
46230 	 1 	 4673.0245 	 764.4111
46233 	 17 	 62603.0809 	 10918.8655
46245 	 7 	 2664.7826 	 718.9635
46246 	 2 	 23944.4233 	 2867.8617
46276 	 32 	 53643.2322 	 11998.0917
46309 	 14 	 192327.787 	 26234.2532
46326 	 1 	 5020.6049 	 797.2706
46330 	 1 	 7646.7674 	 1708.3166
46349 	 41 	 121691.738 	 20769.6715
46370 	 2 	 193.1002 	 75.8276
46392 	 1 	 39006.238 	 3728.5693
46394 	 1 	 38.62 	 17.2921
46398 	 117 	 178926.634 	 40146.0302
46402 	 2 	 926.8809 	 268.4149
46427 	 1 	 154.4802 	 58.5354
46435 	 14 	 165911.681 	 19269.96
46459 	 2 	 39701.3986 	 4292.5375
46460 	 6 	 41825.5007 	 7559.1211
46465 	 2 	 17417.637 	 2646.5245
46469 	 1 	 4866.1247 	 744.6279
46614 	 95 	 180085.235 	 38097.4609
46623 	 19 	 234114.668 	 28752.0101
46630 	 5 	 5136.465 	 1180.9918
46633 	 2 	 9693.6294 	 1801.1171
46666 	 6 	 15448.015 	 2578.119
46784 	 5 	 5059.2249 	 1326.0259
46788 	 9 	 30239.4894 	 6295.3073
46801 	 2 	 4441.3043 	 731.2922
46802 	 13 	 93614.9711 	 11225.8596
46811 	 4 	 4325.4442 	 1195.0187
46822 	 25 	 70404.3285 	 12012.0466
46855 	 1 	 11354.2911 	 1855.0508
46867 	 3 	 15254.9148 	 2526.4647
46868 	 39 	 56655.5951 	 11211.1042
46883 	 1 	 38.62 	 17.2921
46924 	 1 	 5020.6049 	 1037.7152
46945 	 33 	 127137.164 	 22200.1069
46949 	 9 	 2433.0624 	 819.7737
46997 	 86 	 569838.655 	 94654.8996
47002 	 35 	 387050.017 	 52704.7123
47023 	 159 	 143512.06 	 34270.1597
47031 	 106 	 114701.512 	 25847.9964
47044 	 4 	 25991.2853 	 4824.824
47060 	 2 	 23442.3628 	 3621.3547
47070 	 2 	 115.8601 	 50.2155
47077 	 4 	 10736.3704 	 2009.5202
47101 	 3 	 8843.9886 	 2035.9425
47139 	 38 	 212332.967 	 36780.0864
47174 	 3 	 46150.9449 	 6836.3882
47196 	 125 	 205458.6 	 44511.7975
47234 	 25 	 8341.9281 	 2696.7543
47247 	 76 	 104853.402 	 23726.1093
47255 	 2 	 16606.6162 	 2385.18
47257 	 1 	 3823.3837 	 814.2268
47286 	 5 	 17185.9167 	 3671.5637
47306 	 4 	 9268.809 	 1888.4058
47315 	 5 	 9114.3289 	 1820.884
47319 	 1 	 9384.6691 	 1223.8291
47321 	 1 	 33792.5329 	 2923.1836
47342 	 14 	 18885.1984 	 4238.1536
47381 	 2 	 9461.9092 	 2139.8791
47444 	 4 	 15795.5954 	 3061.3828
47454 	 3 	 502.0605 	 199.1218
47467 	 10 	 1351.7013 	 527.8891
47482 	 2 	 502.0605 	 194.878
47497 	 22 	 18460.378 	 3990.8303
47510 	 20 	 13787.3534 	 3628.7377
47524 	 3 	 24871.3042 	 4104.2158
47530 	 1 	 17842.4574 	 2612.666
47597 	 2 	 2935.1229 	 665.1276
47634 	 124 	 133895.67 	 27304.5126
47655 	 28 	 31398.0906 	 6983.5065
47660 	 37 	 52330.1509 	 10289.4984
47700 	 80 	 96781.8142 	 20969.3471
47738 	 4 	 54145.2927 	 6115.0531
47744 	 1 	 9075.7088 	 1551.4753
47755 	 11 	 11701.8714 	 2958.0177
47801 	 1 	 3282.7032 	 738.854
47802 	 6 	 30085.0093 	 5182.5232
47805 	 1 	 18614.8581 	 2290.9364
47809 	 11 	 34564.9336 	 7250.4477
47840 	 2 	 617.9206 	 211.21
47868 	 1 	 2124.1021 	 589.6417
47878 	 3 	 1467.5614 	 424.8038
47931 	 6 	 13941.8336 	 2777.8923
47962 	 5 	 1042.741 	 377.0506
47988 	 5 	 18653.4782 	 2935.6448
47998 	 12 	 29698.8089 	 7157.0257
48038 	 20 	 48390.9071 	 8687.2572
48041 	 10 	 9848.1096 	 2751.9012
48048 	 21 	 17572.1171 	 4230.2712
48081 	 2 	 6912.9867 	 1251.5311
48087 	 2 	 26107.1454 	 2728.1849
48094 	 2 	 5986.1058 	 1251.7015
48114 	 59 	 69014.0072 	 16364.1348
48130 	 10 	 8264.688 	 2115.4265
48142 	 1 	 9770.8695 	 1490.0413
48164 	 3 	 1351.7013 	 433.9638
48249 	 11 	 81719.9995 	 13691.4272
48338 	 4 	 5368.1852 	 1149.7807
48339 	 4 	 19657.5991 	 3338.0402
48375 	 3 	 36341.4554 	 5383.8792
48379 	 1 	 17572.1171 	 2430.5382
48391 	 1 	 772.4008 	 264.7356
48401 	 1 	 38.62 	 17.2921
48415 	 5 	 4788.8847 	 899.8233
48424 	 1 	 2626.1626 	 652.6061
48452 	 4 	 35028.3741 	 4635.4318
48525 	 6 	 63568.5819 	 8242.0381
48541 	 1 	 8496.4083 	 1624.367
48558 	 3 	 3939.2438 	 1046.6232
48564 	 327 	 217121.851 	 55139.81
48565 	 3 	 4132.344 	 1117.0144
48579 	 95 	 217469.432 	 41058.4596
48601 	 3 	 5870.2457 	 1541.6823
48663 	 2 	 231.7202 	 86.6384
48674 	 2 	 270.3403 	 105.6564
48681 	 4 	 656.5406 	 236.6968
48688 	 5 	 19503.119 	 4027.3038
48697 	 3 	 3089.603 	 874.9639
48711 	 13 	 106514.064 	 16610.6085
48799 	 2 	 39933.1189 	 5411.2363
48815 	 11 	 3321.3232 	 1070.0781
48841 	 58 	 322824.894 	 47313.1795
48869 	 1 	 2742.0227 	 588.9761
48881 	 4 	 73378.0714 	 8894.2487
48982 	 3 	 3746.1436 	 950.4281
49015 	 2 	 5252.3251 	 1109.7131
49022 	 2 	 5290.9451 	 1167.2748
49024 	 23 	 8187.448 	 2458.4572
49033 	 1 	 25875.4252 	 3383.0544
49061 	 5 	 40280.6992 	 7191.4913
49078 	 3 	 9423.2892 	 1744.0873
49177 	 5 	 2664.7826 	 795.9293
49179 	 5 	 2819.2627 	 691.5857
49211 	 2 	 656.5406 	 207.3058
49229 	 99 	 225386.539 	 45148.8136
49232 	 1 	 3398.5633 	 777.4816
49266 	 46 	 112654.65 	 19761.2666
49308 	 4 	 2471.6824 	 668.9377
49349 	 2 	 9655.0094 	 1693.088
49350 	 4 	 6797.1266 	 1637.873
49369 	 1 	 3282.7032 	 740.2708
49386 	 1 	 540.6805 	 178.0231
49396 	 28 	 148455.424 	 22243.7532
49422 	 111 	 235968.43 	 47182.4177
49504 	 5 	 1428.9414 	 381.5204
49505 	 2 	 10852.2306 	 1533.5567
49506 	 4 	 1467.5614 	 467.1504
49514 	 1 	 6295.0661 	 1228.2985
49517 	 1 	 3244.0832 	 643.0258
49531 	 8 	 1351.7013 	 521.7351
49536 	 2 	 77.2401 	 34.5843
49547 	 1 	 115.8601 	 46.873
49563 	 4 	 19618.9791 	 3899.5037
49597 	 12 	 12126.6918 	 3448.0037
49651 	 5 	 5870.2457 	 1321.9106
49653 	 4 	 13130.8128 	 2474.3582
49693 	 1 	 193.1002 	 71.9234
49702 	 14 	 264740.358 	 34934.3444
49719 	 1 	 4248.2041 	 825.3895
49731 	 201 	 264817.598 	 65677.9439
49755 	 31 	 73300.8313 	 14478.3892
49775 	 2 	 4866.1247 	 828.1395
49779 	 2 	 1119.9811 	 292.2896
49793 	 1 	 424.8204 	 149.1851
49829 	 4 	 424.8204 	 169.7833
49834 	 1 	 15139.0547 	 2849.3099
49840 	 7 	 23056.1624 	 4477.4868
49878 	 31 	 139456.956 	 22606.0454
49886 	 8 	 228128.562 	 30342.6768
49897 	 3 	 38890.3778 	 5073.464
49907 	 1 	 3784.7637 	 757.9724
49923 	 25 	 67314.7255 	 11981.3381
49932 	 3 	 617.9206 	 218.7365
49934 	 1 	 6217.8261 	 1213.0222
49966 	 2 	 2703.4026 	 814.0609
49999 	 9 	 17031.4366 	 4148.0314
50027 	 2 	 17881.0774 	 2808.2925
50049 	 5 	 25180.2645 	 4466.187
50058 	 7 	 8341.9281 	 2032.8023
50062 	 1 	 308.9603 	 98.7057
50080 	 4 	 1197.2212 	 375.1438
50093 	 415 	 492366.859 	 111429.448
50140 	 54 	 81217.939 	 16990.2068
50150 	 1 	 6488.1663 	 1234.7514
50177 	 1 	 463.4405 	 148.8623
50187 	 1 	 11624.6313 	 1900.47
50210 	 1 	 2124.1021 	 660.8324
50212 	 97 	 428759.657 	 73788.8214
50225 	 1 	 26686.446 	 3071.8995
50247 	 89 	 551069.316 	 82640.3027
50268 	 243 	 174717.05 	 46112.182
50299 	 1 	 7839.8676 	 1170.7813
50345 	 1 	 27265.7465 	 2953.2024
50379 	 9 	 15679.7353 	 3734.0062
50419 	 1 	 154.4802 	 60.0395
50423 	 6 	 1351.7013 	 487.5449
50449 	 1 	 231.7202 	 88.2933
50455 	 8 	 13130.8128 	 2901.7571
50463 	 7 	 69863.648 	 12981.7639
50506 	 9 	 5754.3856 	 1662.0627
50551 	 12 	 5290.9451 	 1428.2722
50557 	 49 	 213375.708 	 36729.3864
50558 	 3 	 34487.6936 	 5981.7891
50566 	 4 	 7415.0472 	 1491.5906
50581 	 3 	 6140.586 	 1060.434
50591 	 1 	 35144.2342 	 4649.0916
50611 	 1 	 6835.7467 	 1148.6802
50620 	 4 	 11045.3307 	 1689.8357
50637 	 7 	 35723.5348 	 5473.6812
50690 	 1 	 53257.0318 	 6463.5677
50712 	 43 	 79866.2377 	 17930.188
50745 	 3 	 2626.1626 	 646.1068
50746 	 1 	 6217.8261 	 1262.2491
50773 	 1 	 10388.7901 	 1441.2716
50774 	 3 	 10157.0699 	 2034.2882
50779 	 7 	 46189.565 	 7730.7099
50788 	 1 	 27072.6463 	 3335.967
50789 	 1 	 4209.5841 	 741.0751
50814 	 352 	 613247.577 	 130435.53
50817 	 2 	 2046.862 	 596.856
50838 	 118 	 341516.992 	 64983.9515
50881 	 1 	 2548.9225 	 647.5261
51021 	 138 	 364186.954 	 71941.7072
51043 	 7 	 37500.0565 	 5508.7279
51047 	 9 	 85890.9636 	 11363.5587
51093 	 8 	 17263.1568 	 4197.9441
51094 	 1 	 1004.121 	 333.9772
51119 	 1 	 14173.5538 	 2316.4093
51191 	 4 	 386.2004 	 157.376
51198 	 91 	 30046.3892 	 9313.9648
5093 	 2 	 8380.5482 	 1736.9726
5127 	 10 	 1081.3611 	 435.9983
5164 	 2 	 1235.8412 	 331.3376
5214 	 3 	 93653.5911 	 13180.761
5250 	 1 	 1158.6011 	 365.1671
5259 	 4 	 24021.6634 	 4158.4138
5334 	 2 	 1274.4612 	 378.336
5337 	 5 	 47966.0867 	 6604.3113
5343 	 1 	 347.5803 	 127.9523
5362 	 1 	 51094.3097 	 4988.7658
5400 	 6 	 3514.4234 	 922.9152
5405 	 3 	 6449.5463 	 1360.0653
5415 	 10 	 134783.931 	 16770.1536
5434 	 195 	 1052164.3 	 182395.359
5459 	 16 	 207968.902 	 26820.4888
5461 	 2 	 2548.9225 	 720.5543
5484 	 1 	 6372.3062 	 1061.9664
5487 	 12 	 21858.9413 	 3817.7374
5525 	 2 	 30818.79 	 4054.1111
5540 	 46 	 115242.192 	 19485.2637
5561 	 7 	 40898.6198 	 6797.9996
5569 	 30 	 195147.05 	 31448.3413
5604 	 2 	 23983.0433 	 3064.5321
5605 	 2 	 6024.7259 	 1202.9593
51240 	 2 	 18074.1776 	 2939.784
51241 	 663 	 949743.964 	 213414.937
51248 	 1 	 13130.8128 	 1959.1111
51291 	 3 	 13903.2135 	 2008.6518
51298 	 1 	 11972.2117 	 1817.9691
51317 	 1 	 38.62 	 17.2921
51337 	 4 	 1544.8015 	 481.1058
51373 	 21 	 141387.958 	 21112.9994
51422 	 2 	 308.9603 	 126.2056
51426 	 2 	 1583.4215 	 416.5823
51436 	 2 	 16761.0963 	 2720.67
51438 	 4 	 1274.4612 	 468.7811
51459 	 3 	 965.5009 	 338.9788
51461 	 99 	 95352.8728 	 21724.8605
51462 	 1 	 24716.8241 	 3132.1104
51465 	 5 	 27999.5273 	 4584.6796
51466 	 1 	 1892.3818 	 433.6348
51468 	 16 	 54879.0734 	 8401.0174
51479 	 18 	 29544.3288 	 6230.6969
51492 	 1 	 965.5009 	 315.2207
51520 	 1 	 10311.55 	 2061.9144
51549 	 2 	 3784.7637 	 791.2325
51572 	 3 	 154.4802 	 67.5076
51576 	 1 	 14636.9942 	 2801.4189
51577 	 31 	 50206.0489 	 11161.2893
51616 	 2 	 2085.482 	 502.1786
51620 	 5 	 50901.2095 	 7134.6666
51632 	 2 	 29969.1492 	 3725.5394
51640 	 2 	 656.5406 	 205.9467
51641 	 1 	 12512.8922 	 2056.566
51677 	 9 	 2278.5822 	 772.1433
51709 	 67 	 68859.527 	 17382.9388
51711 	 1 	 11470.1512 	 1949.1528
51726 	 1 	 14521.1341 	 1694.44
51740 	 3 	 3900.6238 	 895.6652
51780 	 16 	 32518.0716 	 5690.0297
51808 	 1 	 4981.9848 	 1028.4265
51817 	 1 	 9500.5292 	 1442.8541
51848 	 1 	 8689.5085 	 1510.4305
51918 	 3 	 1081.3611 	 380.3934
51931 	 1 	 6951.6068 	 1029.922
51953 	 2 	 16992.8165 	 3016.0197
51974 	 11 	 14945.9545 	 3232.779
51977 	 1 	 579.3006 	 204.7825
51982 	 16 	 62603.0809 	 10221.2323
52034 	 1 	 1081.3611 	 356.7545
52036 	 12 	 15023.1946 	 3494.6388
52041 	 3 	 16413.516 	 3302.3079
52043 	 4 	 38156.5971 	 4669.6655
52049 	 2 	 9230.189 	 1821.2669
52060 	 27 	 69091.2472 	 13023.8895
52066 	 43 	 35221.4743 	 7762.8512
52083 	 1 	 1776.5217 	 455.8765
52143 	 51 	 172090.887 	 32893.4924
52149 	 1 	 46923.3457 	 6064.0409
52194 	 1 	 18074.1776 	 2432.0647
52197 	 1 	 77.2401 	 33.2633
52213 	 59 	 67971.2662 	 16723.2915
52238 	 8 	 2471.6824 	 687.5704
52267 	 3 	 6835.7467 	 1671.322
52272 	 51 	 18614.8581 	 5663.171
52276 	 7 	 33097.3722 	 5178.6456
52295 	 1 	 6140.586 	 1257.945
52330 	 3 	 811.0208 	 296.0152
52333 	 26 	 173210.869 	 23988.8256
52344 	 1 	 1776.5217 	 509.2591
52356 	 4 	 2046.862 	 555.4117
52367 	 4 	 154.4802 	 69.1686
52395 	 2 	 2317.2023 	 728.9778
52401 	 1 	 11431.5311 	 1630.2078
52416 	 4 	 8998.4688 	 1878.2888
52430 	 4 	 30007.7692 	 3710.3163
52459 	 2 	 1467.5614 	 456.6472
52462 	 1 	 193.1002 	 72.5174
52464 	 1 	 4016.4839 	 690.9885
52495 	 1 	 3977.8639 	 876.3299
52536 	 5 	 14482.5141 	 3171.8189
52569 	 1 	 12899.0926 	 1993.0549
52593 	 53 	 207157.882 	 38583.4894
52610 	 18 	 35144.2342 	 5837.7997
52644 	 4 	 28269.8675 	 4288.2825
52652 	 3 	 56771.4553 	 5500.9902
52657 	 31 	 34912.514 	 8377.9741
52674 	 3 	 22824.4422 	 4164.2743
52699 	 1 	 38.62 	 17.2921
52704 	 62 	 89521.2471 	 20246.4328
52712 	 1 	 2664.7826 	 642.9589
52717 	 3 	 11547.3912 	 1990.5397
52738 	 1 	 965.5009 	 271.725
52775 	 2 	 2008.242 	 639.9017
52778 	 1 	 12590.1323 	 2333.1471
52823 	 2 	 8457.7882 	 1873.4446
52831 	 1 	 1699.2817 	 466.4804
52833 	 56 	 189431.284 	 32651.8555
52837 	 44 	 45339.9241 	 11183.8915
52845 	 1 	 8959.8487 	 1267.4505
52863 	 1 	 9230.189 	 1414.4941
52865 	 3 	 19773.4592 	 3287.4925
52881 	 2 	 39662.7786 	 4874.6408
52895 	 2 	 19812.0793 	 2537.9184
52933 	 6 	 10002.5897 	 2074.1872
52943 	 1 	 4673.0245 	 995.914
52992 	 8 	 3205.4631 	 1132.1324
52993 	 4 	 3823.3837 	 937.0928
52994 	 2 	 270.3403 	 104.3293
53027 	 101 	 223571.398 	 44796.5285
53045 	 13 	 7878.4877 	 2203.5512
53069 	 10 	 21125.1606 	 4795.2686
53079 	 38 	 18421.7579 	 5405.4924
53100 	 2 	 2742.0227 	 825.7222
53110 	 1 	 424.8204 	 141.7931
53131 	 1 	 463.4405 	 154.0757
53144 	 75 	 442778.731 	 70917.4138
53149 	 1 	 4595.7845 	 1241.757
53276 	 1 	 30780.17 	 4645.2093
53293 	 2 	 4750.2646 	 1209.8776
53668 	 4 	 6256.4461 	 1223.5833
53681 	 12 	 2742.0227 	 1044.4071
53696 	 1 	 4325.4442 	 863.4736
53800 	 1 	 2239.9622 	 577.0365
53824 	 4 	 926.8809 	 322.1885
53867 	 4 	 888.2609 	 294.9959
53873 	 5 	 1119.9811 	 397.4338
53940 	 2 	 2742.0227 	 566.1223
53948 	 1 	 21009.3004 	 2834.9047
53985 	 5 	 965.5009 	 339.3831
53994 	 1 	 579.3006 	 223.4704
54007 	 21 	 34333.2134 	 6121.6349
54030 	 7 	 1506.1815 	 509.9054
54107 	 12 	 49858.4685 	 7691.6124
54118 	 2 	 18653.4782 	 2683.4193
54129 	 3 	 926.8809 	 292.73
54143 	 2 	 64495.4628 	 7681.3673
54145 	 3 	 27613.3269 	 3997.7377
54244 	 3 	 31822.911 	 5070.5002
54245 	 2 	 2703.4026 	 762.9374
54270 	 1 	 10002.5897 	 1309.2005
54271 	 1 	 5213.7051 	 1097.9788
54441 	 2 	 270.3403 	 102.6096
54516 	 50 	 24021.6634 	 6817.4156
54530 	 2 	 733.7807 	 268.2247
54536 	 4 	 5522.6654 	 1255.6198
54541 	 5 	 24292.0036 	 4701.1141
54582 	 245 	 847555.345 	 148510.117
54589 	 1 	 12397.0321 	 1825.9259
54594 	 2 	 7839.8676 	 1343.1114
54609 	 1 	 5097.845 	 833.2582
54615 	 1 	 22669.9621 	 2903.2781
54645 	 3 	 11006.7107 	 2425.1736
54665 	 6 	 1544.8015 	 548.4407
54666 	 1 	 8341.9281 	 1537.8999
54683 	 8 	 40821.3797 	 5021.4864
54713 	 7 	 6835.7467 	 1875.4179
54715 	 1 	 6912.9867 	 1130.7354
54755 	 2 	 308.9603 	 124.6034
54767 	 2 	 3050.983 	 774.7745
54780 	 39 	 105780.283 	 21124.0557
54822 	 10 	 1737.9017 	 650.3228
54823 	 2 	 888.2609 	 308.0124
54869 	 45 	 170159.886 	 27043.4287
54875 	 1 	 4441.3043 	 1223.9832
54887 	 1 	 4750.2646 	 776.8858
54919 	 1 	 5638.5255 	 1052.0299
54943 	 3 	 1042.741 	 354.6966
54951 	 32 	 17417.637 	 4933.0336
54981 	 4 	 463.4405 	 183.5051
55005 	 2 	 424.8204 	 156.9063
55017 	 1 	 2548.9225 	 649.8686
55018 	 6 	 46961.9657 	 7761.9449
55084 	 1 	 6758.5066 	 1098.3984
55130 	 3 	 2780.6427 	 821.008
55134 	 285 	 192443.647 	 52155.5618
55243 	 2 	 5831.6257 	 1220.6025
55260 	 136 	 82222.06 	 22338.0861
55296 	 69 	 68125.7463 	 15910.0323
55335 	 1 	 2973.7429 	 778.9483
55415 	 1 	 37538.6765 	 5591.2509
55473 	 8 	 1544.8015 	 588.6395
55554 	 180 	 88130.9258 	 24669.0991
55628 	 1 	 77.2401 	 32.9233
55679 	 35 	 45030.9638 	 10220.3474
55707 	 5 	 926.8809 	 363.8898
55774 	 1 	 2355.8223 	 771.0494
55861 	 1 	 193.1002 	 76.9711
55895 	 2 	 24987.1643 	 3132.1808
56079 	 1 	 888.2609 	 285.4613
56093 	 1 	 1390.3214 	 368.413
5683 	 3 	 1853.7618 	 571.6335
5727 	 1 	 11663.2514 	 1650.5749
5753 	 5 	 28926.4082 	 5133.2789
5760 	 2 	 10350.1701 	 1894.4466
5786 	 47 	 178733.534 	 25099.5145
5806 	 507 	 771628.351 	 153869.349
5825 	 2 	 19657.5991 	 3199.5119
5832 	 45 	 25991.2853 	 6466.4533
5835 	 25 	 106784.404 	 16213.1097
5867 	 1 	 5561.2854 	 1117.033
5883 	 7 	 51248.7899 	 8810.0847
5894 	 9 	 11624.6313 	 2541.8243
5897 	 6 	 57312.1358 	 10700.9128
5901 	 2 	 115.8601 	 50.5554
5914 	 10 	 25875.4252 	 5318.7331
5923 	 183 	 166993.043 	 44448.9152
5930 	 2 	 926.8809 	 339.8038
5949 	 1 	 115.8601 	 45.7294
5951 	 5 	 60517.5989 	 9102.6712
5976 	 1 	 18807.9583 	 2639.5305
6052 	 1 	 10311.55 	 1743.846
6117 	 65 	 100412.098 	 23826.6422
6120 	 48 	 68936.7671 	 14653.8164
6135 	 2 	 45764.7445 	 5027.1423
6175 	 45 	 273314.006 	 43505.2862
571 	 7 	 5368.1852 	 1359.8206
578 	 159 	 2029444.36 	 232317.219
580 	 3 	 2780.6427 	 709.9125
581 	 1 	 270.3403 	 101.0192
594 	 1 	 38.62 	 17.2921
598 	 12 	 54377.0129 	 9144.6579
607 	 36 	 71949.13 	 16263.511
619 	 1 	 2355.8223 	 484.7903
631 	 1 	 77.2401 	 33.2633
632 	 2 	 617.9206 	 206.9186
633 	 1 	 231.7202 	 87.5603
645 	 6 	 1815.1418 	 615.9268
658 	 141 	 126364.763 	 34779.0746
659 	 4 	 26029.9053 	 3272.7318
692 	 26 	 55496.994 	 10132.153
698 	 5 	 12010.8317 	 2057.5314
718 	 1 	 4170.9641 	 1021.6435
738 	 4 	 231.7202 	 99.8487
745 	 26 	 56114.9146 	 13599.2679
761 	 6 	 733.7807 	 277.591
775 	 1 	 154.4802 	 59.5222
813 	 1 	 8148.8279 	 1565.383
819 	 4 	 37577.2966 	 5730.5008
822 	 1 	 2626.1626 	 715.5711
827 	 2 	 4402.6843 	 887.6864
881 	 1 	 20159.6596 	 4187.6761
884 	 7 	 89830.2074 	 14579.3245
901 	 1 	 11045.3307 	 1626.1942
931 	 12 	 13903.2135 	 2803.3425
948 	 14 	 56192.1547 	 10727.4623
954 	 20 	 82067.5799 	 15214.1633
959 	 66 	 65460.9637 	 15560.7176
989 	 4 	 13323.913 	 3257.9827
992 	 1 	 38.62 	 17.2921
994 	 319 	 278566.331 	 67344.7646
1043 	 1 	 540.6805 	 190.569
1073 	 9 	 2548.9225 	 847.3308
1083 	 10 	 134204.631 	 13786.5066
1084 	 19 	 23789.9432 	 6555.6033
6195 	 6 	 208123.383 	 33201.4476
6333 	 1 	 2201.3421 	 523.3857
6430 	 57 	 93653.5911 	 18986.1836
6586 	 2 	 154.4802 	 65.2644
6598 	 142 	 154132.57 	 33605.8265
6617 	 1 	 38.62 	 17.2921
6618 	 135 	 460852.909 	 85073.6096
6690 	 21 	 89868.8275 	 16676.0705
6702 	 53 	 418486.727 	 72024.5267
6711 	 216 	 382685.952 	 71861.1265
6730 	 4 	 29660.1889 	 5008.0644
6755 	 1 	 1776.5217 	 453.9712
6781 	 228 	 482171.169 	 96840.4533
6823 	 3 	 6449.5463 	 1319.5135
6927 	 38 	 265319.658 	 34002.6034
6955 	 3 	 6372.3062 	 1443.7942
6959 	 39 	 357853.268 	 50556.4623
6962 	 6 	 44876.4837 	 8094.6002
7011 	 2 	 52330.1509 	 6806.8961
7047 	 2 	 9346.0491 	 1656.8339
7073 	 20 	 54570.1131 	 10818.2083
7179 	 7 	 48429.5271 	 8307.7389
7198 	 44 	 32363.5915 	 8994.3037
7202 	 70 	 93499.111 	 20015.0511
7211 	 3 	 8612.2684 	 1730.462
7218 	 4 	 2471.6824 	 618.2932
7245 	 6 	 21936.1813 	 4892.2448
7249 	 2 	 1660.6616 	 439.4146
7276 	 1 	 4093.724 	 706.4275
7287 	 2 	 42945.4818 	 6076.582
7314 	 2 	 6024.7259 	 1342.4053
7353 	 170 	 761162.321 	 133453.72
7370 	 1 	 4557.1644 	 1033.1485
7464 	 28 	 78977.9769 	 15323.4821
7525 	 1 	 13092.1927 	 1698.1496
7535 	 4 	 1583.4215 	 523.9835
7544 	 7 	 26570.5859 	 4496.0814
7602 	 6 	 19503.119 	 3837.6712
7647 	 1 	 38.62 	 17.2921
7649 	 3 	 2742.0227 	 878.5519
7734 	 14 	 16799.7164 	 3764.3613
7780 	 1 	 733.7807 	 247.707
7783 	 3 	 424.8204 	 174.4907
7788 	 119 	 386741.056 	 66296.4019
7789 	 12 	 31011.8902 	 6972.1096
7796 	 5 	 80097.958 	 12014.8781
7946 	 7 	 161122.797 	 19833.7828
7994 	 38 	 37924.8769 	 9161.0196
8000 	 131 	 932712.528 	 154461.308
8059 	 5 	 12860.4725 	 2472.3247
8103 	 1 	 73880.1319 	 8617.1931
8105 	 2 	 41439.3003 	 5937.0723
8115 	 11 	 11894.9716 	 2643.6218
8155 	 20 	 199163.534 	 29055.9801
8160 	 1 	 24987.1643 	 3554.7465
8236 	 1 	 3707.5236 	 813.5008
8276 	 59 	 255626.029 	 39790.139
8309 	 100 	 366851.737 	 60070.271
8365 	 1 	 48584.0073 	 4364.9617
8372 	 11 	 14945.9545 	 3407.3051
8387 	 3 	 25025.7844 	 4383.5683
8405 	 5 	 301120.433 	 23920.598
8414 	 1 	 13092.1927 	 1789.8389
8464 	 1 	 347.5803 	 122.8133
8514 	 1 	 7028.8468 	 1398.4998
8536 	 130 	 1132609.84 	 155277.412
8540 	 1 	 617.9206 	 183.1009
8546 	 17 	 129184.026 	 19478.1702
8623 	 3 	 76699.3946 	 9130.9684
8643 	 1 	 154.4802 	 59.1234
8652 	 13 	 47270.926 	 7142.3851
8742 	 1 	 4325.4442 	 797.3093
8745 	 44 	 15448.015 	 4834.4192
8814 	 1 	 47425.4062 	 4956.1875
8834 	 2 	 308.9603 	 110.5895
8889 	 1 	 617.9206 	 197.0181
8942 	 2 	 7724.0075 	 1147.5074
8975 	 4 	 11508.7712 	 2451.44
9016 	 2 	 6140.586 	 1411.3463
9020 	 56 	 82569.6404 	 17337.9566
9080 	 2 	 12126.6918 	 2256.5179
9084 	 4 	 540.6805 	 213.4908
9090 	 37 	 49240.5479 	 11368.3037
9162 	 94 	 75386.3134 	 19127.7025
9163 	 2 	 3746.1436 	 894.1013
9298 	 77 	 137216.994 	 28754.8435
9364 	 6 	 2587.5425 	 754.3109
9395 	 6 	 5908.8658 	 1550.6063
9426 	 18 	 11894.9716 	 3591.3877
9491 	 2 	 27690.5669 	 4086.149
9550 	 1 	 9075.7088 	 1213.936
9590 	 24 	 30355.3495 	 7167.0587
9600 	 8 	 19889.3194 	 4005.7522
9655 	 94 	 44335.8031 	 12796.7612
9728 	 3 	 8959.8487 	 1709.8305
9862 	 1 	 3977.8639 	 734.5851
9918 	 24 	 161470.377 	 24540.2141
9927 	 1 	 9963.9697 	 1370.6275
10058 	 1 	 12281.172 	 1808.2422
10131 	 1 	 9346.0491 	 1586.6706
